1 88523429
1 mallet2015
1 123456789
1 93241020
1 753753753
1 ORLANDINA1
1 verdeoliva
1 980807412
1 12345678
1 17091967
1 23021947
1 37624714
1 982702660
1 beduino1
1 123456789
1 98893427
1 infantaria
1 12344321
1 adralc00
1 20200807
1 ma270505
1 juck712b
1 76077081
1 mssmss88
1 1071352075
1 08210311
1 wam175691
1 28582656
1 fabio123
1 hn2u74ha
1 afc892459
1 03099820
1 960447714
1 061346810
1 979220dd
1 86577623
1 josueluis
1 12DA14VI
1 261789ut
1 98328765
1 025320342
1 naosei155
1 ezequiel
1 20001608
1 08062004
1 sm151413
1 123456789
1 valter110
1 calango01
1 acac6388
1 87748166
1 FBA14137
1 23042011
1 98221100
1 andradenev
1 0134andre
1 duda011020
1 m1m9s9b3
1 gb23k5p3
1 WILSON2209
1 21390412
1 33699693
1 27792073
1 figueiredo
1 159753ph
1 07201984
1 09122500
1 bagueras
1 02011993
1 ericksouza
1 021218ee
1 02030708
1 45872626
1 dg091114
1 28102010
1 foxtrote
1 Alenda2006
1 19682100
1 15082012
1 19810907
1 vinicinho
1 nikollas
1 21062004
1 11280958
1 25031964
1 26262626
1 76137402
1 00110011
1 06121966
1 13031905
1 14198500
1 amogilda
1 91953645
1 30125013
1 92393795
1 lindonegro
1 99350875
1 37666694
1 32362650
1 renanda1
1 10203040
1 Souza15016
1 33747673
1 sam5252545
1 221222269
1 12123434
1 341021195
1 21059022
1 123456789
1 leo121014
1 34393818
1 87654321
1 12345678
1 27029964
1 marcelo060
1 91289755
1 motifxf8
1 01220175
1 56040000
1 89489589
1 74289157
1 amazonia
1 91409800
1 40240436
1 25012010
1 29555592
1 Lennon1983
1 12001200
1 2009sv19
1 88180594
1 91193699
1 451408555
1 25091974
1 25068989
1 08599000
1 12345678
1 macuguxe
1 ronygunit
1 fgberuov
1 27157581
1 19792306
1 cavalaria2
1 00705210
1 21041987
1 91530483
1 19043387
1 19421950
1 12345678
1 ij62wdas
1 18081982
1 parana98
1 85032473
1 93153521
1 92095968
1 33760208
1 13111985
1 12091994
1 342289783
1 96461891
1 06082002
1 57530485
1 96283428
1 regweb39
1 1144023487
1 12345678
1 phpd2106
1 71897189
1 dec040171
1 38910201
1 99936082
1 agnostic
1 messenger
1 11235813
1 0212vini
1 9567346372
1 454711389
1 ra102030
1 MOVE@123
1 12345678
1 0221046949
1 27397717
1 maria2015
1 121096mari
1 87312318
1 soldado123
1 maria2015
1 20071989
1 lucas180
1 28112014
1 vila2014
1 10052010
1 17040316
1 13819623
1 selva012
1 abyner701
1 33643983
1 99793779
1 91106552
1 sandro288
1 kaiokarina
1 02082311
1 270119jc
1 91017161
1 16121974
1 55582820
1 151213jm
1 31581451
1 xiforimpol
1 rambo5456
1 83136309
1 palmar1972
1 escuderia0
1 rodovalho
1 99876183
1 357294123
1 leondantas
1 24082014
1 aa635f!!
1 DAMATA123
1 ams83858
1 lu270774
1 91596701
1 lali1454
1 16673896
1 12345678
1 06041984
1 76505210
1 ecql0611
1 18031803
1 32633948
1 12441244
1 19031993
1 2609080503
1 32924786
1 PAGAMENTO
1 83577704
1 moskinha
1 861285ax
1 88039119
1 88242964
1 17084260
1 oliveira
1 40219412
1 brunofelip
1 12112086
1 gurupido
1 23091995
1 961343102
1 27812445
1 19011903
1 casa2659
1 JONAS1992
1 346288cb
1 leonardo
1 20232004
1 sabre170
1 nomar77332
1 mau932156
1 88410146
1 99314949
1 eloyse25
1 evila2310
1 1524flpe
1 @05052010
1 aldiomeris
1 2210463300
1 06061974
1 27091968
1 19942940
1 12345678
1 34581370
1 anabia2710
1 maciliana
1 91458009
1 220199dn
1 154800688
1 1408014080
1 19634888
1 02302266
1 13061969
1 08111981
1 trancatudo
1 1621dezin
1 alfameq123
1 santos10
1 88374760
1 12345678
1 costasara
1 evelyn21
1 12345678
1 jm051298
1 jhonatan25
1 brasil7002
1 hguvm501
1 12345678
1 35911964
1 87662046
1 12345678
1 88218598
1 chevy350
1 12063485
1 11082008
1 07090709
1 10111996
1 04091999
1 3676loko
1 15011988
1 marcelo39
1 81117804
1 camilla10
1 290111qc
1 Mont2301
1 11742010
1 35594623
1 15281528
1 14061966
1 31101939
1 36258913
1 barcelon
1 49844242
1 12345678
1 12345678
1 wa040285
1 982624476
1 22336677
1 34611516
1 20072008
1 deiverson
1 dinheiro
1 OSWALDO212
1 21011968
1 rmn9ekst
1 a3k2s1q9
1 oseias59
1 tatu7890
1 22102010
1 33410943
1 resident4
1 q1w2e3r4
1 92494600
1 28089117
1 euro2013
1 1308202270
1 25141972
1 85245685
1 juroteus
1 BRAGA488
1 mattheu01
1 22151522
1 thata0717
1 538382206
1 37703308
1 91786195
1 dogolinhas
1 12344321
1 28051992
1 11223344
1 02069573
1 77784851
1 147258369
1 teresa762
1 exercito
1 99745012
1 12345678
1 sararg01
1 tricolor
1 bisnaute
1 57461182
1 354934709
1 ANNA2707
1 81608359
1 8211431544
1 bete2015
1 21101991
1 60091987
1 12345678
1 22361010
1 81320707
1 13142425
1 32987227
1 123456789
1 Tamandar3
1 claulumar
1 99242984
1 FERNANDA
1 VICTORHUGO
1 10205091
1 04061993
1 vinicius1
1 dlsmd1979
1 82926123
1 123456789
1 stephanie
1 oliveiras
1 wellitonsi
1 26031982
1 30101979
1 1112131415
1 83191963
1 03022004
1 062612pri
1 12345678
1 81610687
1 soneca86
1 vanderson
1 89669913
1 rapadura16
1 93807241pa
1 04161994
1 31101988
1 vidanova
1 12021982
1 04082012
1 23031989
1 20331124
1 582632603
1 982923795
1 mentiras34
1 nqxh74577
1 9101474824
1 figueiredo
1 Goiania201
1 970790793
1 flamed23
1 leonardos
1 10039999
1 85487672
1 85051951
1 joaopaulo6
1 9917054321
1 02011994
1 97215258
1 124154225
1 22021987
1 phfs1992
1 21540000
1 345551734
1 15071994
1 99763221
1 91733538
1 31180330
1 11dez1999
1 drdb2011
1 18121974
1 23121991
1 silencio
1 2010122126
1 rodrigo7
1 12457800
1 84129073
1 19683326
1 19912010
1 parana2014
1 22848555
1 98201416
1 24081996
1 19211925
1 raph2014
1 0147092216
1 14091952
1 ADRIANA015
1 23947049
1 sgtdiuly
1 10203040
1 125687025
1 10074133
1 18647300
1 35374112
1 08071983
1 27021971
1 selva1008
1 gasper22
1 sandra123
1 trompete
1 1573592114
1 44043390
1 25116767
1 91625433
1 yasmin123
1 22139321
1 91227843
1 983006194
1 982366847
1 Leocarlos
1 78912233
1 12345678
1 12345678
1 campelo07
1 suprir07
1 45510045
1 29051416
1 jkil3023
1 88829713
1 12345678
1 123456789
1 Josen1ldo
1 87052479
1 8127141427
1 14307394
1 81387909
1 99463023
1 07231230
1 356255301
1 84136992
1 brunobrend
1 amominhafa
1 12345678
1 27854097
1 19880721
1 72810625
1 jesuscrist
1 12345678
1 sid019435
1 355861968
1 961115823
1 ana124578
1 24019146
1 88555742
1 lara192238
1 oriovaldo
1 16111975
1 982554632
1 euamovoce
1 maria4217
1 36366123
1 100950923
1 renan1992
1 21021991
1 32993269
1 11091991
1 nova0210
1 25021994
1 12344321
1 92647587
1 47351999
1 s1e2a3c4
1 lichestine
1 gfsn1910
1 321003fk
1 51101600
1 99684525
1 961571678
1 27112009
1 exercito12
1 GRAXA1984
1 12345678
1 02350034
1 50202020
1 05111995
1 28182728
1 LOVALOVA
1 prev2016
1 19941994
1 filinha15
1 26588479
1 982960862
1 motomo21
1 rmecc467
1 13b713a7
1 15111993
1 40785798
1 11082012
1 30610801
1 19877891
1 08172629
1 02121961
1 56902493
1 dinheiro
1 sakapraia
1 1260266212
1 33588295
1 91229756
1 b201793q
1 95031039
1 Gi1920bo
1 03589080
1 91608470
1 r1dr2g34
1 2594wkzp
1 84210472
1 comandos
1 Arison13
1 25010750
1 coutinho28
1 528335262
1 02081966
1 056000141
1 16051973
1 delenga25
1 j192132s
1 pqd74934
1 03090412
1 otto2015
1 12345678
1 81336360
1 pantanal
1 12345678
1 12345678
1 jut544ma
1 18051996
1 75117851
1 allan1987
1 123bal456
1 34047012
1 rose2015
1 03072414
1 margarida
1 355824495
1 03052007
1 20028901
1 mk240589
1 97797481
1 89237746
1 960614826
1 21087895
1 794613825p
1 08041977
1 junior2012
1 32726441
1 gg19952010
1 26392313
1 12131415
1 vidanova
1 05101977
1 982743508
1 10081989
1 josue12038
1 99160380
1 pqdt2260
1 982935567
1 eduardom44
1 28059557
1 92742328
1 mano2014
1 19199505
1 30195274
1 1636diego
1 garcia123
1 131365004
1 roberto1
1 26118284
1 25021984
1 mundial81
1 vanguardei
1 amor1982
1 19892706
1 02101986
1 26121984
1 cor202024
1 08091985
1 aa694141
1 kazan001
1 31081994
1 08081991
1 91285039
1 0597777777
1 10291695
1 38337493
1 18052008
1 094732311
1 18062009
1 Gustavo12
1 10111984
1 2014copa
1 2210301945
1 19062000
1 21004110
1 0130434779
1 JOSE2015
1 28733120
1 ivani424
1 splls027
1 22330040
1 983033248
1 12345678
1 194236lipe
1 12345678
1 dede2303
1 henrique
1 18061047
1 setneb1954
1 01121987
1 reinildo
1 senha123
1 rod050385
1 34123702
1 lazaro15
1 erotildes
1 91311356
1 sergio760
1 24670404
1 popis0604
1 mauricio
1 wellington
1 ady70vfi
1 gm589413
1 rodrigo10
1 79360011
1 17122006
1 anaclara
1 10121416
1 running18
1 03827623
1 200917ju
1 PEDROTORRE
1 24129900
1 92165011
1 adriana33
1 33408342
1 danieljose
1 12345678
1 25858900a
1 13061992
1 09071985
1 limasantos
1 sopodecre
1 16071991
1 0653649526
1 70730776
1 ASD662020
1 19371938
1 10091973
1 10080884
1 78108282
1 95296340
1 30051973
1 8911040411
1 10021976
1 novavida
1 socorro250
1 deuse100
1 parana10
1 carvalho28
1 26011979
1 flp050790
1 JULIA777
1 23071990
1 marcella
1 32219567
1 diegopitu
1 92781929
1 222053788
1 9044811109
1 mola1204
1 76345370
1 nascimento
1 EMELLY02
1 36801204
1 8081315957
1 cavalaria
1 30121978
1 15021502
1 camila26
1 cbludio31
1 esmeralda
1 96886058
1 94986462
1 27637532
1 02.09.05
1 98106589
1 cigs1234
1 10022009
1 25380899
1 souza1234
1 26062000
1 namoradali
1 123456789
1 espectroma
1 91324424
1 12345678
1 81299341
1 niel4da2
1 Astros2020
1 17072013
1 92512867
1 33645948
1 17027702
1 escola123
1 050979ri
1 faeten11
1 BIBI2015
1 recife33
1 17071988
1 12345678
1 983001856
1 20629029
1 19841984
1 12345678
1 bazooka7
1 eb080288
1 romalang19
1 12345678
1 27719607
1 valquiria@
1 draquema
1 86089663
1 85296304
1 98130252
1 brasil12
1 12345678
1 sheila2905
1 91453777
1 21011994
1 12345678
1 HARMONIA20
1 nisa1246
1 39701166
1 gauderio85
1 08122004
1 tiago2688
1 26082002
1 17461746
1 09111990
1 19945500
1 minhocas
1 rafaelmaci
1 mlsf2002
1 522182000
1 33594715
1 356686232
1 euricograd
1 12345678
1 32882821
1 CAMARADA
1 123456789
1 0495199117
1 21111991
1 28112003
1 03079310
1 86474994
1 28067601
1 77821191
1 leonardo22
1 92929393
1 26080226
1 stilo182
1 1424157933
1 11072014
1 twister200
1 raul123456
1 30071992
1 25121997
1 NCORREA271
1 11067961
1 20022010
1 19650201
1 99252915
1 97331512
1 wa255781
1 beatriz01
1 17283950
1 12345678
1 jesus123
1 1965RSQu
1 mntcom83
1 25255454
1 24022012
1 cassio123
1 03021987
1 00000000
1 27100627
1 99366977
1 vanessa1
1 12121212
1 20012002
1 04121967
1 bra82042
1 57819939
1 06211215
1 c3v4t9a2
1 02722000
1 Nv365868
1 22016868
1 lcarvalho
1 lapinha200
1 123Italo
1 10081988
1 32165498
1 etelvina
1 20357099
1 marinha123
1 12457896
1 12345678
1 211068rg
1 36521283
1 04029100
1 32325587
1 alliston59
1 46598200
1 juntos1202
1 io431122
1 elefante
1 0087483424
1 wbsmcp97
1 12345678
1 e23081996
1 30051991
1 981068345
1 23101992
1 vidanova
1 092112ctc
1 33779493
1 08102001
1 WELLYSON
1 94777714
1 12345678
1 980532787
1 33921808
1 98565952
1 crll2391
1 14061992
1 X4ezaz3m
1 355464037
1 neto6801
1 conrado88
1 31031984
1 982475549
1 vadrig13
1 24361070
1 12072009
1 CAVERA17
1 07012015
1 25021994
1 123456789
1 ricardo10
1 priscilla
1 LILAMYDO
1 961272038
1 28042003
1 197103ana
1 pamela86
1 23051984
1 rcsj2864
1 20011992
1 20061410
1 11101991
1 92882515
1 37011093
1 33722214
1 holosbak
1 2491788715
1 23272914
1 tresmarias
1 123456789
1 00070987
1 hummel74
1 lucas1579
1 gu04041995
1 josefina1
1 09089696
1 352314342
1 92188946
1 19796888
1 erica1951
1 21humber
1 wca69101
1 22032007
1 bandacone
1 ricardof
1 luisa1919
1 vieira1314
1 98983722
1 05128899
1 19761993
1 lemo9574
1 87654321
1 kadett98
1 23592359
1 engenharia
1 356148373
1 983034519
1 luaninha
1 14930625
1 27102003
1 0498800432
1 81352916
1 21022013
1 0280690207
1 cb946762
1 06061993
1 61357485
1 montanha
1 03082008
1 bru280487
1 99176208
1 12091932
1 02364444
1 pit892mm
1 patric86
1 wmalves17
1 cooper2015
1 lokopt123
1 leandrojos
1 20130723
1 anacarla
1 01052010
1 73125156
1 flamengo
1 edenia0804
1 20051988
1 06031995
1 995611222
1 020501ru
1 sanspurs
1 99333291
1 01354100
1 98014851
1 961544063
1 mario2005
1 amoramor
1 98025642
1 Jesuse10
1 marinho201
1 oliveira
1 17097168
1 23011963
1 356027205
1 diego04079
1 04071950
1 62916291
1 26618577
1 33912548
1 negoneco
1 98284117
1 tempestade
1 12345678
1 96759675
1 02092010
1 p17tacec
1 milico15
1 polishopco
1 12956754
1 92923094
1 jc07011990
1 991268708
1 12345678
1 23041994
1 12121964
1 16199001
1 silvano20
1 lulimafe
1 xkrasx10
1 240881fl
1 keoma268
1 12345678
1 04031991
1 30101937
1 35557637
1 mariathali
1 09122011
1 icaros2had
1 c1a9d3c7
1 pqd72383
1 13121984
1 85141036
1 38501000
1 82280006
1 alessandro
1 152201PM
1 24021986
1 dilsinho
1 06121995
1 32488640
1 operaciona
1 08021991
1 18078429
1 gilmara131
1 69246924
1 350188367
1 satoleps
1 ca9ri8na
1 354117735
1 53631234
1 15441866
1 16302102
1 96179928
1 48242010
1 fernando10
1 sam174863
1 fastdeath2
1 32516032
1 91078163
1 sdmaceio
1 82067499
1 09421045
1 perri09080
1 oitudobom
1 oliveira10
1 29112013
1 99523696
1 12345678
1 12345678
1 moou8565
1 01041995
1 02081966
1 20696193
1 sintia08
1 342585263
1 05051964
1 52831965
1 silem123
1 35212689
1 12345678
1 92388981
1 11339977
1 quarentena
1 AfRfB2015
1 0401498808
1 04032001
1 78049199
1 AILEMA2016
1 12200920
1 jean2006
1 91004412
1 jona0721
1 10120302
1 0821249022
1 FRANCIELLY
1 12345678
1 Voran!2807
1 87803776
1 natan1995
1 22111985
1 snayonplay
1 palmeiras
1 350271882
1 32515369
1 00378878
1 12345678
1 gremio1903
1 88172364
1 22703814
1 OLIVEIRA
1 marcao61
1 12563035
1 dyego1076
1 12345678
1 18031988
1 augustomun
1 3460624620
1 cmilarosa
1 na2421779
1 julianna13
1 aciani10
1 karolina
1 fractalis
1 rica1020
1 12345678
1 91648614
1 19051965
1 exercito
1 88156473
1 32485242
1 78993604
1 19121985
1 Docinho201
1 42574257
1 0879377496
1 gilelipe
1 28012002
1 26088080
1 haiti2015
1 HERONDINA
1 39798166
1 gremio0612
1 12345678
1 16041920
1 26711646
1 alejandro
1 pedro2010
1 05047400
1 87654321
1 09165111
1 78797556
1 18292200
1 14558969
1 12345678
1 02061969
1 Queridinho
1 felipesera
1 157155157
1 02051992
1 PAULA123
1 86052826
1 06071988
1 84012548
1 alejandre
1 Vasco@1234
1 98219755
1 legionario
1 76315427
1 cavalaria
1 00171717
1 10211021
1 99083349
1 91112380
1 123456789
1 12345678
1 76330142
1 12345678
1 26095301
1 02021987
1 ale784451
1 cinthia19
1 12345678
1 21088607
1 19891309
1 angelo14
1 980439802
1 91573009
1 01851500
1 12master
1 sansuey123
1 06051989
1 Julia1234
1 08021935
1 31051983
1 28037398
1 pordosol
1 30041964
1 46127318
1 19830324
1 125752688
1 jndms1975
1 iphone01
1 dec3412666
1 10081992
1 thg595595
1 galego1938
1 padioleiro
1 45302129
1 99862432
1 21111973
1 casanova22
1 02011984
1 sdrodrigor
1 03032009
1 bruno3264
1 galinha10
1 88765124
1 34816620
1 bruno123
1 21012221
1 wrestleman
1 vaqueiro
1 NIKAEL123
1 8j5penmo
1 55663355
1 25072002
1 95515174
1 Foxtrot22
1 nasc1309
1 75501610
1 albergon21
1 961534379
1 25262700
1 98765432
1 24031981
1 12345678
1 marinho01
1 088564069
1 pagamento
1 82238049
1 marcosdani
1 sultao02
1 afonsoreis
1 98091169
1 30119010
1 tiagogomes
1 91152387
1 skyscraper
1 85755575
1 cavalaria
1 87577907
1 cbludson
1 982412989
1 12345678
1 rafael74
1 ra157086
1 99317369
1 pelopes123
1 19319319
1 13dumont
1 88087101
1 951951951
1 rk061722
1 odetex26
1 960153544
1 07129324
1 olfa4289
1 32237720
1 12345678
1 01032006
1 99070706
1 23530807
1 960158493
1 99370771
1 09111710
1 50008003
1 10203040
1 50250000
1 39660824
1 98293700
1 12091969
1 1571551103
1 99536811
1 83833217
1 354900312
1 sgtsimas
1 10172307
1 SergioFilh
1 luciano101
1 14111989
1 0112050406
1 96716386
1 19212533
1 91325792
1 bage2015
1 48971698
1 22091937
1 52002587
1 02091970
1 servulo1
1 12121961
1 jefferso
1 flusao10
1 selva1394
1 gabriela
1 brasilia01
1 584627913
1 gabi2001
1 02082004
1 37657777
1 10203040
1 9637021880
1 PATRICIA15
1 982003689
1 nanor8090
1 Era12345
1 94549693
1 calopicita
1 carol123
1 07157820
1 15122007
1 19031980
1 356379523
1 EXERCITO
1 960347799
1 manu2002
1 68719597
1 32582181
1 6592387670
1 33971953
1 ja27091974
1 hemesson
1 19721972
1 23121980
1 08021966
1 cavalaria
1 04111994
1 mariadivin
1 74779801
1 manoeldemo
1 81104269
1 12345678
1 94306023
1 08081987
1 patrimonio
1 farmacia
1 33019461
1 fadla1990
1 0315444401
1 deialucas
1 16204216
1 354569638
1 28031995
1 Exercito
1 351260348
1 renanfile
1 08041980
1 zn00z32000
1 dedeamor23
1 07121988
1 12345678
1 27564518
1 belinha123
1 aledinha
1 27069118
1 28101225
1 10057710
1 39024455
1 123456789
1 colorado12
1 oliveira12
1 07031994
1 28640099
1 21152115
1 cro100100
1 fr080290
1 euzinho10
1 bolcont843
1 91128040
1 23041933
1 689651867
1 11062010
1 88378134
1 22091985
1 oliveira02
1 ciasup87
1 123456789
1 washington
1 09101987
1 31130589
1 93394909
1 12051012
1 99831702
1 a416237e
1 92198489
1 c1198720
1 12345678
1 ongineb23
1 genetinho
1 19371937
1 02112007
1 92019953
1 20051986
1 01318510
1 99306827
1 TP912819
1 05081991
1 tatiane14
1 20091992
1 12345678
1 99087639
1 roxinha1
1 91348127
1 12107412
1 23048179
1 puntel123
1 leodorodo
1 giba2010
1 12345678
1 07101992
1 98364152
1 carolayann
1 091087ka
1 25507526
1 84032186
1 filipe96
1 pereira295
1 exercito12
1 dreianc22
1 valentina
1 21321080
1 iara2559
1 pietro2015
1 12041977
1 91474311
1 paulus58
1 01121952
1 84145336
1 pandorinha
1 vasco1172
1 341417690
1 20099157
1 banco456
1 20073231
1 justimar
1 cachorrao
1 19304200fi
1 positive
1 ko2791137
1 nomar1978
1 sgtjunior
1 stefania77
1 rafael123
1 123456789
1 20051945
1 30aliny30
1 85803012
1 dosanjos
1 94993300
1 ten190591
1 rai00ssa
1 26011990
1 26121985
1 62657062
1 352891160
1 Santos3562
1 celso212
1 amakra96
1 rita1884
1 67114638
1 06100538
1 48861901
1 13400144
1 34393592
1 asd792801
1 11052012
1 LEANDRO30
1 crislaine
1 merengue
1 27391000
1 350465088
1 salles415
1 353775889
1 rfl020206
1 jesus12h
1 30630606
1 andrelucas
1 12041968
1 emerson250
1 82043677
1 352634087
1 13058777
1 francisca
1 01101995
1 12345678
1 13031923
1 03286710
1 11946711
1 22022011
1 ADRIANAPIN
1 22091992
1 06121966
1 Ss991986
1 19780778
1 32532532
1 bia250884
1 santim1234
1 12697333
1 123456789
1 renatoap
1 comandos
1 19491912
1 99196557
1 jonesmolin
1 04071997
1 91488333
1 34176706
1 pontes1951
1 20021976
1 26642664
1 935936162
1 05091989
1 Celo1980
1 andreia20
1 15338700
1 06352650
1 01011968
1 deserto1
1 73018605
1 310589cami
1 gralex78
1 99521328
1 280979sa
1 12345678
1 982853893
1 12081993
1 93165762
1 ivolam1215
1 amanda2015
1 selva2578
1 edicarlos
1 29061984
1 960596122
1 92587373
1 62321275
1 bonecadula
1 dondon01
1 gisele123
1 99426208
1 351421643
1 17052005
1 123456789
1 91558253
1 06051990
1 well8562
1 32724756
1 mega1955
1 95832828
1 01brasil
1 355315825
1 pqd73266
1 22040412
1 15221219
1 21058021
1 ls430317
1 101071984
1 1504lima
1 rtflower
1 88141855
1 bibi2015
1 12345678
1 123luiz123
1 Daisy5124
1 roger2004e
1 antonina01
1 sky53137
1 ms201204
1 s21mai67
1 52700909
1 20122005
1 30126518
1 24051113
1 12345678
1 981119957
1 12345678
1 01032008
1 88916396
1 13111991
1 ceara1973
1 dudu2567
1 goveia15
1 123456789
1 99245278
1 33042561
1 0102dark
1 03111989
1 9400801050
1 16081949
1 21121969
1 86190206
1 58754930
1 21241413
1 31313131
1 andresouza
1 37741933
1 74543101
1 91590094
1 123456789
1 991348221
1 15032011
1 27091982
1 48324832
1 alice1996
1 velame05
1 12345678
1 18137575
1 gleidson
1 19461711
1 1993948853
1 04191140
1 350755629
1 27111986
1 86713500
1 91390682
1 03021989
1 14302218
1 08011996
1 guilherme
1 visual05
1 3meninas
1 RENATO83
1 platinumus
1 03029506
1 ronaldo1
1 12457878
1 123456789
1 961291178
1 00931705
1 030405fev
1 fernando
1 17206910
1 cmpa0388
1 79pl6a9t
1 9856427301
1 s158462o
1 cyntiasant
1 bruno123
1 16472021
1 04111518
1 08011963
1 23422473
1 VERA2015
1 mexico123
1 89367635
1 08068925
1 lu098cas
1 19061992
1 17081966
1 19450912
1 02122002
1 amil1992
1 12345678
1 infantaria
1 08081996
1 24248orl
1 m103101199
1 22011983
1 30818627
1 22031987
1 agmb1011
1 96450653
1 induterpe
1 mentira1
1 84838506
1 757758212
1 rodrigues
1 37566194
1 francisco
1 13121967
1 bardo2290
1 35035017
1 91601264
1 19974040
1 12345678
1 andresa17
1 12345678
1 iron2008
1 pantanal
1 17717070
1 fe1fe2ma3
1 Giovana200
1 7380573805
1 dominique
1 99766451
1 36251414
1 40614061
1 deusefiel0
1 Pedro299
1 06061980
1 fla131281
1 sdmathias
1 kid.2000
1 12345678
1 94221616
1 10253031
1 24532453
1 borges01
1 03072369
1 961111350
1 36246894
1 19931428
1 krakatos
1 99fepb99
1 30119417
1 12131415
1 9967
1 29agosto86
1 vanderlia
1 vac13ari
1 lageanosc
1 12345678
1 cabosantan
1 xexinomore
1 123bolanho
1 26081995
1 35224352
1 91188176
1 19691990
1 GABRIELCAS
1 16056040ma
1 32324441
1 123marcos
1 enziaolive
1 91610340
1 87876587
1 26011988
1 33712154
1 26101939
1 13771382
1 19872507
1 18071991
1 24260968
1 28053670
1 24101991
1 jusalu123
1 12345678
1 123pantera
1 96504642
1 regiane13
1 79124856
1 30282623
1 18501250
1 riko2712
1 ad031757
1 6100277174
1 12345rosy
1 minas2015
1 12345678
1 10092010
1 safirazul
1 24042004
1 98339256
1 123456987
1 03121988
1 1112868569
1 12345678
1 19992005
1 12345678
1 94662000
1 carmagedon
1 helder99
1 djdiego080
1 74115711
1 123456789
1 knoll1990
1 353441417
1 eunicearru
1 341627421
1 romualdo13
1 rafael0708
1 passaro123
1 zandinha62
1 341519313
1 ferrao67
1 kadett94
1 30201005
1 81450101
1 13091995
1 96222758
1 07061981
1 27568330
1 17052002
1 09031989
1 hudi8486
1 juliocesar
1 30121993
1 91919241
1 cpl335588
1 25102011
1 arthur88
1 10112006
1 ramos2011
1 27633103
1 983108362
1 91850272
1 12345678
1 5al3ci180
1 nanoerafa
1 15100309
1 celo2005
1 synccmjf
1 140285144
1 13141819
1 85243804
1 24057928
1 017900280
1 02030772
1 66719602
1 13711373
1 mayara26
1 kinlu789
1 980425256
1 ANABEATRIZ
1 25997755
1 980537217
1 12345678
1 traffic45
1 28112008
1 karla69606
1 120832AM
1 98276233
1 46372727
1 fe594132
1 19091993
1 07018522
1 kawasaki99
1 58815881
1 tonybalada
1 musica10
1 72811488
1 22537414
1 wander10
1 tricolor
1 05232431
1 di120500
1 30043678
1 19911991
1 03040900
1 654321ll
1 96253260
1 23061935
1 34151313
1 26022006
1 36251656
1 mastino2
1 88224126
1 19101946
1 VASCAINO
1 49687349
1 33o6asim
1 computador
1 Crossfit15
1 352067684
1 16111988
1 14041990
1 80817227
1 23021989
1 danilo304
1 15051997
1 maratona
1 eaemano1
1 27142712
1 290703ms
1 maeeuteamo
1 19224313
1 24100230
1 93793341
1 96715734
1 30041987
1 040683jo
1 kabotcha
1 01111986
1 13041981
1 raphaebrun
1 97909790
1 eer051207
1 12345678
1 edic2007
1 30111977
1 01021994
1 higor1015
1 soli1705
1 12345678
1 salete1961
1 infantaria
1 aman2535
1 123moreira
1 edinalva
1 07121994
1 hulck23078
1 tabatinga
1 0196802334
1 92433795
1 12345678
1 23940113
1 26021996
1 30051988
1 51537403
1 Pedro2000
1 096332218
1 2sgt2010
1 12311979
1 av256924
1 96558068
1 0938345444
1 87654321
1 92608640
1 0948
1 michel342
1 81640812
1 stallone
1 17042015
1 infa1986
1 95041516
1 34414043
1 jr991999
1 26011992
1 01240811
1 10203040
1 81170584
1 KIDINHO11
1 senha123*
1 81196485
1 123456789
1 356234314
1 TRAN0788
1 ANIELLY13
1 meganexrl
1 26956279
1 21511993
1 983060654
1 cristo41
1 03032290
1 wender123
1 terlyfdp
1 21720827
1 10101010
1 15291715
1 03032007
1 97429160
1 24064320
1 353223930
1 12378900
1 19831014
1 78891757
1 12345678
1 99586596
1 84552392
1 28288232
1 marcosps
1 leaodourad
1 caveira007
1 82861453
1 115152515
1 87151972
1 31241511
1 pqd72332
1 3delvani4
1 24121986
1 0721966773
1 julio1986
1 79087764
1 cassiakiss
1 92672218
1 lm123456
1 266001Aa
1 37422630
1 23082009
1 2814296a
1 62809149
1 11512561
1 31071927
1 92982354
1 27071986
1 NOVA2015
1 355972724
1 964181675
1 biscoito
1 curinga97
1 14012006
1 jefinho22
1 28021988
1 a1b2c3d4
1 02097240
1 7620663746
1 jonathan
1 23152315
1 maria543
1 karak818
1 47568910
1 12345678
1 23099533
1 delegado
1 aa815508
1 21214242
1 joelma1234
1 21091922
1 96419569
1 maia1980
1 20131516
1 17102100
1 10051988
1 30254401
1 12111995
1 12344321
1 15102179
1 15012011
1 brunomed19
1 julia001
1 10203040
1 92568920
1 130205827
1 deusefiel
1 18071967
1 play7mobil
1 batata15
1 21232527
1 ana211210
1 91423529
1 yeshua12
1 mangieri
1 CRISTIANE
1 26011992
1 mae241252
1 12345678
1 bidomo5656
1 cavalo20
1 19091983
1 02099019
1 jailtonm
1 48962723
1 elinaldo
1 farrapo1
1 88565164
1 12345678
1 02082004
1 ABCD1234
1 12345678
1 vila1234
1 10021981
1 960108134
1 08fevereir
1 25010735
1 ro97429652
1 10203040
1 melo1101
1 68277892
1 12427588
1 j1f2a3m4
1 03549500
1 961285287
1 19032007
1 09011990
1 81009727
1 exer2015
1 saldanha
1 12345678
1 rambo123
1 960153908
1 18041695
1 08010912
1 961689413
1 04212618
1 29121982
1 071314jed
1 59713292
1 AMM21297
1 09919248
1 3550050208
1 fms100185
1 12345678
1 11223344
1 50931750
1 12182012
1 henrique
1 01081949
1 27081979
1 34211861
1 84961684
1 70362020
1 petersom
1 06081988
1 casadedavi
1 14jul1938
1 31032006
1 25111979
1 cruzeirao
1 12345678
1 23368686
1 pagamento
1 7963
1 nanabellin
1 prev2015
1 13384570
1 19841984
1 lina0103
1 exercitobr
1 19402118
1 15190151
1 14alfa21
1 spfc2008
1 961542364
1 26946042
1 87654321
1 26467936
1 12121313
1 junin615
1 jdjx1991
1 21180212
1 35420001
1 weit8537
1 Vbia0987
1 12129263
1 ranger54
1 alisson37
1 dias020689
1 helida2212
1 980002287
1 jdm142528
1 22021995
1 20012001
1 21523577
1 982308187
1 sdmiranda
1 123456789
1 12345678
1 cabocastro
1 2206141992
1 38009246
1 13021989
1 libriano
1 10315011
1 12345678
1 32435609
1 nana1928
1 20062011
1 otto2015
1 acidrain
1 cro14859
1 0671242405
1 15098315
1 16232989
1 31051982
1 17453161
1 33791854
1 12345678
1 BRAGA2014
1 19951995
1 exercito12
1 Pedro2510
1 DIOGO314
1 08081985
1 0435376546
1 0607102503
1 astra2001
1 mascaragam
1 16481321
1 40405825
1 12345678
1 ildo1257
1 19772804
1 22052004
1 18101988
1 paana1995
1 ek120321
1 0201555905
1 23081991
1 33235635fb
1 23567999
1 960109801
1 12345678
1 maninho857
1 33375071
1 12345678
1 92138709
1 43454647
1 71521112
1 12345678
1 14111969
1 28021969
1 jessica01
1 24574753
1 infantaria
1 23097900
1 davi2011
1 JUREMA01
1 20212223
1 20942301
1 FALCAO123
1 788miron
1 88393128
1 20202020
1 elkinha1
1 87860582
1 64450259
1 jacob80140
1 amaral2015
1 00061379
1 99034164
1 abobrinha
1 14121989
1 carolzinha
1 Minustah20
1 lelo2508
1 13050102
1 0194878ml
1 20152015
1 06121966
1 18111995
1 23232727
1 23091980
1 12345678
1 morfeu888
1 09200807
1 14162126
1 01032012
1 scorpions
1 123456789
1 princesa
1 22132025
1 982446367
1 980819862
1 dedeerose
1 15253545
1 cDrj0998
1 20051989
1 98014647
1 contracheq
1 m8c7s1v3
1 moraes23
1 12345678
1 Chapolin
1 infantaria
1 123456789
1 voltaire
1 35239988
1 250913eb
1 jacare41
1 jurema10
1 91194092
1 80220090
1 qwertyui
1 rodolfovic
1 15071993
1 341497205
1 99011297
1 25360800
1 78945612
1 17051994
1 01107912
1 200309eng
1 12091995
1 13111978
1 93296880
1 palmeiras
1 nene1933
1 onailime
1 marileudo
1 cjb20669
1 193103fm
1 19742222
1 961277169
1 12395123
1 niguemsabe
1 29021955
1 showtime
1 carlos123
1 10061010
1 10grande
1 flamengo
1 230290100
1 05021990
1 98628530
1 veneranda
1 345488507
1 03159768
1 interne1
1 0822jrzz
1 pr3002ac
1 63hg786p
1 carolina
1 Juliamende
1 15344197
1 91321723
1 86221172
1 wellington
1 vvcc0404
1 darilson
1 12112011
1 123456789
1 infante198
1 32766176
1 13120522
1 05031992
1 325jesus
1 ror741852
1 80650613
1 05maio1922
1 123009719
1 99688765
1 adlbt938
1 1214916698
1 raeder1885
1 12042015
1 13111992
1 14017290
1 26058415
1 02050810
1 982931616
1 s31bimtz
1 16121970
1 123456789
1 29051989
1 12220328
1 ramos1995
1 9117202035
1 98311422
1 rosana1975
1 71376532
1 jescrash
1 30011984
1 naoesquece
1 cacielma08
1 20021993
1 02481632
1 24451214
1 dimperio
1 78433247
1 580610079
1 farmaceuti
1 123456789
1 29121229
1 yasmymr08
1 65656565
1 16015123
1 961087022
1 bolido10
1 341581552
1 azeitona
1 selva001
1 10065542
1 17681383
1 04021988
1 23021992cv
1 99339467
1 60436043
1 30196306
1 12345678
1 FELIPE2395
1 ms729772
1 21179737
1 31018012
1 07091979
1 tricolor01
1 09091976
1 jveneroso
1 12345678
1 50881440
1 SDPEIXOTO
1 33712915
1 anilomlom
1 99990099
1 jaor5780
1 x060309x
1 10203040
1 17236805
1 99889993
1 84543452
1 monteiro95
1 13071993
1 34632124
1 83582803
1 12345678
1 francisley
1 03061993
1 93651828
1 96809758
1 01101982
1 FERNANDO
1 10121989
1 josefran
1 12345678
1 29303132
1 98739431
1 CHACAL13
1 jonasfok
1 961468008
1 12345678
1 60302050
1 42613275
1 99700331
1 27061995
1 921815wm
1 34726292
1 montanhya
1 luizfelipe
1 idt019645
1 rodrigo123
1 20147644
1 08demaio
1 brasileiro
1 97252674
1 comandos
1 55886699
1 Felipe0903
1 mlpf1221
1 92517304
1 01234567
1 66612345
1 81300899
1 cepex233
1 81422209
1 23917293
1 mayarajods
1 trakinas14
1 84159948
1 12345678
1 brasa1a1
1 123456789
1 albuquerqu
1 larissamar
1 960107839
1 gremio2014
1 14842202
1 99711542
1 12345678
1 4101992815
1 jefinho1
1 1234567890
1 26798438
1 bielmarkes
1 960063719
1 912582ch
1 64295064
1 rcvc1947
1 nina051213
1 456852317
1 10921092
1 playstatio
1 12345678
1 92320611
1 27091951
1 92194553
1 11080811
1 06112012
1 03133030
1 12345679
1 fronteira7
1 gac020880
1 123456789
1 28071996
1 35641096
1 jo91226848
1 nair2012
1 123456789
1 12345678
1 30121994
1 14250618
1 le21292006
1 99518938
1 12345678
1 rafaelmaia
1 08092228
1 16112006
1 990190100
1 FERNANDA
1 982697696
1 2758661219
1 colombia12
1 12345678
1 01122014
1 padrao12
1 121344928
1 acontecime
1 97206849
1 22951521
1 pabloc21
1 980649103
1 19231008
1 96527763
1 ego26eros
1 100%tuning
1 123456789
1 mol12300
1 26546536
1 12345678
1 lilica36
1 98281056
1 12345678
1 kelly123
1 36423709
1 tolentino0
1 14811481
1 12345678
1 salvador
1 12345678
1 47732774
1 123456789
1 03061987
1 dedesa16
1 danilo01
1 10313617
1 16041996
1 14282358
1 samuel501
1 99145524
1 ER296272
1 22224444
1 13818427
1 santos13
1 12345678
1 limalima
1 20041410
1 136590337
1 minhasenha
1 marina777
1 16122006
1 flamengo
1 RAPH2014
1 13812003
1 93192528
1 RAFAELA93
1 30157592
1 amaterasu
1 14122002
1 12345678
1 147896325
1 kisse2290
1 12345678
1 lindinalva
1 230209cf
1 85260317
1 sha220891
1 08021993
1 ravena88
1 46180497
1 benguer007
1 24041982
1 12345678
1 123456789
1 18051980
1 mariamaria
1 marialuiza
1 76734739
1 15161718
1 2008070408
1 14092005
1 19172424
1 14048604
1 84128412
1 524710id
1 mag493020
1 200106734
1 26531757
1 15101987
1 16771677
1 rpbn1012
1 92819814
1 Banana27
1 acosta19
1 dada1234
1 09121983
1 15078609
1 281004em
1 87654321
1 50403020
1 34218801
1 97247161
1 junior346
1 52315231
1 24730568
1 Gerbera22
1 12345678
1 calcario
1 75447019
1 34147162
1 14701990
1 DINAHMAE
1 24058893
1 lucasrose
1 aabfca77
1 selva182
1 leonardo09
1 andre0502
1 29540702
1 h33b24c6
1 cavalo72
1 01051952
1 12345678
1 scga2298
1 al041238
1 CENTRAL123
1 fr250750
1 02101962
1 wesley21
1 anabeatriz
1 31072004
1 16041987
1 25041994
1 8425842584
1 86785535
1 84191122
1 banana61
1 leo1611de
1 floreny44
1 Goncalves0
1 19071985
1 25021991
1 mafe1207
1 raiodeluz
1 oiapoque
1 12345678
1 681560gs
1 30161020
1 355531280
1 13091996
1 lollokuras
1 88404059
1 19821988
1 alan74135
1 20071984
1 alice2012
1 22242321
1 50945094
1 augustoeeu
1 16061994
1 23082001
1 981214105
1 17101994
1 91878484
1 01129812
1 andri7680
1 unhada1992
1 15122012
1 10122010
1 imperador
1 26113314
1 13017879
1 0131985749
1 adair1964
1 cassinoo
1 matheus196
1 lanhouse
1 a361400g
1 powermove
1 19932880
1 pqdt1996
1 9458079654
1 infabrasil
1 10061987
1 semotivo29
1 39871201
1 981019223
1 07072000
1 ligia123
1 kwf4r001
1 14789985
1 31110000
1 dutescaff
1 tuningstyl
1 29081985
1 16082408
1 10109999
1 88296235
1 00764800
1 ADINEI65
1 88664422
1 24527674
1 15111291
1 dossantos
1 91546878
1 0525743233
1 31121975
1 4972alpq
1 98721707
1 dinamica1
1 12857112
1 123456789
1 12345678
1 Elyseu20
1 anderson10
1 gio020793
1 2116814123
1 22032008
1 gremio83
1 ratao1414
1 33052414
1 12345678
1 alceu@2012
1 12345678
1 96636548
1 biaenzo2
1 88810927
1 mira0101
1 12345678
1 Melnina123
1 15208905
1 ma114410
1 02051988
1 06121966
1 88596695
1 06141028
1 daniel2015
1 yben2703
1 961669779
1 jusmar2003
1 19911010
1 eutuelenos
1 helder10
1 12345678
1 982203388
1 carvalho
1 11051978
1 01091970
1 1nirvana
1 vidaloka15
1 sanmarino
1 342272219
1 packmoused
1 26577522
1 12345678
1 prcc2011
1 91347532
1 0130098841
1 93593583
1 sgtbia20
1 91944643
1 cp670469
1 24823002
1 17450000
1 99559627
1 sargento28
1 123456789
1 cbbastos
1 80332215
1 1502120815
1 12345678
1 08011927
1 05061988
1 system478
1 55882211
1 14292914
1 monteiro
1 99526081
1 goulart811
1 11111111
1 14022004
1 1262091993
1 110992aa
1 thiago2011
1 19061995
1 stalonecob
1 nihonjin22
1 32711165
1 10142594
1 99847634
1 15051980
1 29051994
1 960364174
1 apokhalips
1 123456789
1 Ambiente
1 gustavolim
1 77550922
1 12345678
1 infantaria
1 12011995
1 12345678
1 81250308
1 161288mae
1 99940385
1 13290482
1 amor0702
1 12032483
1 aman@1974
1 useres10
1 2213791306
1 05012011
1 992695380
1 patricia
1 12345678
1 00000000
1 22482800
1 12411499
1 832808712
1 19701989
1 05074060
1 26212329
1 Andre1990
1 bona080586
1 30186639
1 limaraul
1 88014215
1 tenentefer
1 10120307
1 CESINHA334
1 26718734
1 02031992
1 65633333
1 16101991
1 senha7179
1 cabo2008
1 29081992
1 982766079
1 andrebg807
1 24810389
1 36951233
1 04071964
1 adriano20
1 18051990
1 92941196
1 12345678
1 31579436
1 11021961
1 leiliane
1 11051985
1 99053685
1 17061706
1 19102014
1 27482748
1 corintias
1 kamilladim
1 12345678
1 Natal1954
1 1468475177
1 cm21314161
1 10311518
1 adeilson
1 17082465
1 88631399
1 andinho223
1 jesuscrist
1 455119as
1 9099392996
1 25122512
1 takemura
1 robertcorr
1 23032002
1 23032009
1 37780404
1 pebecpex
1 02121994
1 93765488
1 123456789
1 21153000
1 81334751
1 dialisson
1 soldado129
1 15021990
1 67299103
1 isamar2014
1 sdcoutinho
1 bobbito09
1 99569152
1 escola15
1 urutu12345
1 12345678
1 cbmacedo
1 16031983
1 brenda21
1 meira123
1 33270282
1 mi110300
1 13159753
1 dal110388
1 05031813
1 98831470
1 12345678
1 ps020790
1 96124274
1 12345678
1 960351478
1 mariana88
1 30121987
1 567567jt
1 renata123
1 12201436
1 20061980
1 31031994
1 dfhtcta1
1 DINHEIRO
1 12051989
1 13061306
1 ms91270026
1 22626633
1 147258369
1 12345678
1 timao100
1 94648416
1 34259183
1 gabriela
1 23020400
1 12039516
1 12797172
1 jovair10
1 23071988
1 328191707
1 4130222481
1 24107213
1 354675716
1 jennifer
1 32693518
1 SANTOS23
1 1512941972
1 56411844
1 pidao123
1 apbp1610
1 21642164
1 81882771
1 paralelepi
1 91247340
1 84446135
1 juca190894
1 91108459
1 francisco
1 18057618
1 me33327279
1 353635547
1 92287889
1 84068062
1 shinoda198
1 22384445
1 kirion09
1 jaque602
1 26071956
1 96989625
1 23946969
1 93937665
1 amante007
1 09021995k
1 947041069
1 14072010
1 6612585562
1 86398009
1 26nwrt97
1 saberm200
1 7estradas
1 13322462
1 832391955
1 28121991
1 lamb1713
1 30122005
1 96571874
1 23051951
1 jurere005
1 05051993
1 86651003
1 87919621
1 29012004
1 57805780
1 91308485
1 24036291
1 21061962
1 11223344
1 20280703
1 91232055
1 70292505
1 18081976
1 mateus2014
1 31122011
1 12343004
1 92112610
1 15089090
1 wesley2000
1 h03121977
1 36197702
1 87955450
1 82641418
1 123456789
1 123456789m
1 22081994v
1 britney205
1 cpex1234
1 27071985
1 Luzia002
1 123456789
1 a268862a
1 12345678
1 91215963
1 wily1508
1 forca7512
1 76162353
1 cpexdell
1 19910213
1 35074409
1 09072009
1 belinha8
1 meubebe196
1 83323320
1 12345678
1 corsa2.0
1 14081993
1 extxk25o
1 12345678
1 19722331
1 342645844
1 12345678
1 Marias2010
1 tricolor
1 larissabre
1 03472810
1 06058888
1 leonardo
1 guilherme
1 01021988
1 05065056
1 37261031
1 341452721
1 ricardo38
1 36014288
1 3215462011
1 cassiosavi
1 12345678
1 29071988
1 hf251189
1 78601311
1 12068400
1 cokpit61
1 22492249
1 19711967
1 eu123456
1 evaldo8937
1 123456789
1 25260000
1 01042012
1 32311237
1 33519672
1 manituh2
1 antaresone
1 260al524
1 JOSE2015
1 70807721
1 18011988
1 11197049
1 FREDERICO
1 robsondias
1 13070798
1 18692302
1 2955973173
1 88687799
1 16491649
1 354884920
1 21052006
1 79461328
1 kikogabi
1 suprir06
1 ametista76
1 Matheus!1
1 12011994
1 12345678
1 1128320479
1 co14ff15
1 28091944
1 paulinho4
1 15290979
1 45476877
1 SuperTenso
1 21061611
1 26292629
1 COSTA2016
1 84887764
1 17223312
1 SIDNEY9969
1 123456789
1 caldeira
1 antonio906
1 familiaalt
1 0303316251
1 melzinha
1 180819990
1 nandinho
1 jrpe1968
1 21361610
1 79360011
1 79360011
1 07021961
1 1230hipe
1 13059191
1 12369812
1 02648507
1 13431343
1 77518909
1 46626875
1 a1l2e3x4
1 16101986
1 12345678
1 739615md
1 356027098
1 bomjesus
1 79360011
1 12345678
1 alinegleic
1 mg5521055
1 12121988
1 68199186
1 25012008
1 18011995
1 10253948
1 Friburgo
1 12345678
1 combatente
1 342782100
1 etf052012
1 06021701
1 19022009
1 rosa1234
1 74778999
1 20021999
1 netoneto
1 sargento99
1 alexandre
1 350843359
1 12345678
1 16049292
1 14021994
1 05081963
1 31081987
1 nedlevye
1 78840681
1 01061972
1 2012uniao
1 henrique
1 220392am
1 thiago29
1 355687918
1 @#$234qwer
1 92301547
1 27081994
1 khiel2013
1 26021993
1 13061987
1 354926010
1 14892315
1 brenndon12
1 d4c21nj4
1 escort3277
1 72709605
1 73892795
1 anabol123
1 07142128
1 87671480
1 36251414
1 v3rd3027
1 32523743
1 COMAMDOS
1 h8kdyar8
1 11563000
1 12111973
1 apolo123
1 983064763
1 91654575
1 04121973
1 b82062612
1 81230258
1 0204fabi
1 20200887
1 12345678
1 20091986
1 12345678
1 s1nt23g4
1 tiago123
1 91329170
1 amor280511
1 53648487
1 joseansi
1 22818991
1 miracema
1 ajs2007jan
1 MAR18402
1 05091944
1 21farol16
1 esei7239
1 23035534
1 00002810
1 31121960pa
1 ferrari14
1 1906alal
1 basquete21
1 rjorj123
1 eb911014
1 12031971
1 souzinha
1 codacs155
1 987654321
1 20152015
1 35180441
1 a28111993
1 djaefer198
1 96065746
1 25252525
1 91151544
1 givaldo1
1 84017530
1 12345678
1 marcio1998
1 giovanaelu
1 40018483
1 32255577
1 92615831
1 25042010
1 carlos123
1 28111995
1 24041988
1 8016532004
1 cflvisio
1 adfasalu
1 23051991
1 JTGE1412
1 fake1234
1 16121986
1 plataformi
1 cbmayven
1 BIQUENSE
1 12041992
1 217217217
1 12345678
1 fanta055
1 32597193
1 123456789a
1 alisson199
1 corazondi
1 monteiro01
1 960255083
1 olinda00
1 23051309
1 04312129
1 55884477
1 vasco1000
1 00000007
1 92429873
1 11282013
1 italom02
1 22061219
1 FERNANDO
1 30112009
1 mangekyou
1 87654321
1 19471948
1 12345678
1 18200000
1 92190108
1 Xpto4321
1 96952738
1 12345678
1 pedreira
1 32736471
1 12345678
1 angelica21
1 93646109
1 ivplav05
1 961513639
1 19041982
1 cris784512
1 92234426
1 jckareka19
1 andr1989
1 95149290
1 29121989
1 30011954
1 08061995
1 28011971
1 12345678
1 l96148516
1 lopes1970
1 marina15
1 18081969
1 marumbi760
1 93012310
1 31011984
1 alex1998
1 GREMIO1903
1 85520000
1 juliaetern
1 15118915
1 354027215
1 21051994
1 98374100
1 9cm187ddd
1 12345678
1 980865089
1 26011988
1 21870419
1 19752009
1 961383918
1 yecpmi9p
1 12345678
1 75963214
1 25242322
1 macedo15
1 jpaulo23
1 08121991
1 lavanderia
1 18097004
1 99930115
1 75771616
1 22108900
1 asadeboi
1 72886064
1 354136008
1 92864191
1 16051993
1 28111978
1 01216677
1 1q2w3eASD
1 chico11647
1 12345678
1 07099540
1 14061981
1 356379606
1 06082014
1 06077174
1 miudinha
1 talita04
1 martiello
1 251219540
1 14071997
1 10031989
1 12345678
1 2816210425
1 96038150
1 92028817
1 20031987
1 faci1234
1 alan2012
1 12345678
1 gabryella
1 91914710
1 11132000
1 33518006
1 37232008
1 velame01
1 comandos2
1 12345678
1 12345678
1 1212201217
1 funeral523
1 bete2015
1 Pqd62693
1 23770404
1 12345678
1 esporteeb
1 04022011
1 03101971
1 12345678
1 12345678
1 Senevaldo
1 10100909
1 81158792
1 gremio02
1 6851
1 0404788718
1 kauan2015
1 84103422
1 23832383
1 valquiria
1 93193271
1 30072007
1 91235334
1 clemildes
1 woldcooper
1 ELSA310115
1 125341508
1 papaotata5
1 d1a2n3i4
1 19913322
1 356379887
1 tiaozinho
1 INFANTARIA
1 982423291
1 marise64
1 79516263
1 13031995
1 17011974
1 enfermagem
1 06121966
1 anacarla
1 91296550
1 81289451
1 91377200
1 beter20021
1 nascimento
1 30801200
1 33315557
1 03021991
1 delmidelmi
1 33262000
1 355834486
1 comandos
1 guilherme
1 01072007
1 23011957
1 06121966
1 305891684
1 nike1188
1 AM190231
1 vi24ni03
1 ariane123
1 982961290
1 jehcoutinh
1 28101955
1 0435059845
1 16328415
1 chocolate
1 99863733
1 christian
1 edu488061
1 93636901
1 12121995
1 leo241979
1 355561733
1 georgina
1 980954081
1 02021990
1 28101995
1 07122007
1 deivid1234
1 19011995
1 filipenses
1 99389714
1 07118000
1 paololoch
1 73701210
1 sdprado13
1 exercito12
1 pqd78812
1 12021003
1 45682136
1 90902912
1 05763214
1 20073422
1 99373492
1 12345678
1 25201718
1 mvms1984
1 ACRO53BIS
1 qwsa1216
1 31903190
1 123456789
1 24041987
1 09072012
1 09098213
1 intel229
1 P@ssw0rd
1 gorleiro
1 bRASIL225
1 123456789
1 36372911
1 marina01
1 botafogo
1 95046475
1 01021988
1 foxtrote30
1 10121012
1 26087600
1 12345678
1 17101710
1 36545470
1 19851988
1 04341673
1 91716374
1 23287900
1 25354555
1 20122012
1 anderson
1 vanessaema
1 cavalaria
1 15091987
1 27191527
1 19202321
1 25317291
1 356379879
1 1386
1 12068600
1 strazza88
1 19071967
1 11011986
1 cleidiomar
1 29031830
1 20126820
1 cabosilva
1 06anosheri
1 02031998
1 12345678
1 29221412
1 2606962007
1 ctba1132
1 10203040
1 15796033
1 bankxt11
1 94223691
1 bolinha201
1 982857407
1 31596911
1 91573748
1 marilene
1 sismanut
1 06061990
1 CALDAS12
1 forgati07
1 19707211
1 pb197778
1 22061988
1 27634488
1 samthimar
1 17041213
1 26061992
1 n148507h
1 MARIA123
1 95758300
1 25017342
1 0074136704
1 41423125
1 caroline
1 12345678
1 265350810
1 10101010
1 24170106
1 21194565
1 12345678
1 SANTOS1010
1 leonardo12
1 51462152
1 vetorial
1 35343618
1 robson68
1 07101987
1 53795328
1 81322055
1 171006rafa
1 12725506
1 coronel1
1 7219877219
1 355896691
1 99278055
1 32962976
1 13778625
1 29561818
1 amil1989
1 12345678
1 26651596
1 gg231211
1 28058400
1 12111990
1 12345678
1 pauloms95
1 r830621r
1 10260900
1 85256526
1 99272651
1 tha070198
1 123456789
1 latinista1
1 03176490
1 97171610
1 21037130
1 91648915
1 96462h97
1 25580250
1 doralia35
1 00126268
1 71435252
1 15951595
1 Antonio674
1 91470198
1 12036987
1 caio2014
1 19083101
1 dutradelta
1 carlosneto
1 contracheq
1 10511051
1 esgrima1
1 acosta1909
1 12345678
1 caic1996
1 adm123456
1 06589407
1 75199010
1 mdex51017
1 7232RAFA
1 08336418
1 91095616
1 15042012
1 01011900
1 kikojunior
1 88357514
1 andreamelo
1 27597728
1 casa1646
1 982930766
1 11097402
1 guitarra81
1 961705441
1 15158947
1 260188hugo
1 vija2202
1 skydiver
1 brunopires
1 27098833
1 14017164
1 Nostrebor3
1 123456sa
1 15202500
1 41965122
1 0487539290
1 pagamento
1 99678254
1 74006366
1 69474107
1 12656612
1 brunosilva
1 1072506718
1 @morim30
1 ju780208
1 CLAUDIASIE
1 852456aon
1 comandos76
1 96168065
1 982044832
1 355713789
1 455823003
1 coninho11
1 henrique
1 marilda11
1 18041985
1 40509100
1 06031985
1 15536655
1 everlania
1 57221572
1 99362919
1 30405060
1 soldado261
1 alan8050
1 0371616832
1 07899131
1 cagadodo
1 18061504
1 29011920
1 10177710
1 91890570
1 06652522
1 13051305
1 15051991
1 01071988
1 fernanda
1 17081968
1 99757799
1 91538808
1 cutasy20
1 15169191
1 05472012
1 14112006
1 91086214
1 plk23894
1 99904567
1 n3m3s1s1
1 81911091
1 87222200
1 adriano140
1 markil5678
1 fabricio
1 93445976
1 saraanaf
1 eusoumetal
1 damasceno
1 31024800
1 rod064610
1 raphaeling
1 binho2109
1 33407134
1 19031903
1 wgomes20
1 20142014
1 junior1994
1 12345678
1 CHORRAO13
1 tidivneto
1 05091995
1 12153030
1 981107630
1 Rodrigo01
1 mcr130404
1 cmendo87
1 87551382
1 godandbru
1 25091993
1 350544403
1 52906231
1 18021993
1 97542100
1 lovesandra
1 44617542
1 33805150
1 a1b2c3d4
1 10047110
1 26995562
1 54436966
1 henrique
1 85018762
1 85335881
1 gisleine21
1 gabrielsil
1 33270117
1 19682005
1 pauloricar
1 10031997
1 jyjcc123
1 exercito
1 13092011
1 30111972
1 dpmendess2
1 73769544
1 alan190595
1 13294900
1 24052424
1 emmabiel
1 20367499
1 13051989
1 fagnerbboy
1 msandi75
1 Agilio123
1 19912207
1 33871332
1 96930852
1 24052005
1 354891347
1 19912207
1 06011989
1 12345678
1 morinigo
1 983139581
1 51CAVEIRA
1 fabiano67
1 10203040
1 12345678
1 19silva87
1 25575760
1 01012009
1 45372717
1 davidb13
1 982628543
1 4647432652
1 87654321
1 95166483
1 marinho1
1 maria2015
1 982648608
1 97552783
1 21ue1984
1 01032006
1 0002126826
1 10081987
1 lm180713
1 bart0808
1 92774332
1 lcesar28
1 18068686
1 14099400
1 12345678
1 aprovi23
1 sdperilo
1 12345678
1 56040562
1 06051995
1 soldier111
1 01021992
1 356253132
1 88474515
1 cristiane
1 oliveira50
1 freire227
1 teteu1801
1 flamengo
1 cbsaucedo
1 37658356
1 03330805
1 12345678
1 a1b2c3d4e5
1 12345678
1 31574664
1 93116067
1 3491175905
1 heitor373
1 Q1W2e3r4
1 23624700
1 jefferson1
1 ingrid21
1 38359856
1 blindado9
1 85146303
1 00228290
1 diego34758
1 monica10
1 guerra4715
1 daniel81
1 21051994
1 PAULA123
1 Pe270279
1 17121207
1 86031019
1 2552silq
1 173573173
1 33516311
1 355236609
1 13131313
1 28122008
1 murka3060
1 81860615
1 glauciene1
1 HONOFRIA
1 07029221
1 6081645291
1 65081122
1 84515660
1 planador
1 12261410
1 11111991
1 10051982
1 30124757
1 456852ig
1 jordan1995
1 50607080
1 12345678
1 juninho10
1 25101986
1 cpexreis
1 jjsvcf16
1 JOSE2015
1 jiujitsu
1 danienata
1 38304835
1 91028060
1 22031988
1 24071970sc
1 2wrxxo49
1 12345678
1 chucknorri
1 92904449
1 36516764
1 29032010
1 22121995
1 anycarvalh
1 093023304
1 12345678
1 12345678
1 nayara123
1 83017361
1 45239201
1 12345678
1 81340133
1 12345678
1 andreilson
1 hrcb2737
1 321654987
1 9083689985
1 Bruno175
1 30121982
1 12345678
1 gi261202
1 21121955
1 eternoamor
1 pimentel20
1 hela31ne
1 92618936
1 faleh607
1 93359568
1 12345678
1 38303216
1 0305199312
1 26038133
1 34171234
1 08121970
1 41568900
1 25101980
1 12345678
1 guigui1978
1 60060018
1 16671667
1 mal10pes
1 sacabeleza
1 92009067
1 34653465
1 alegrete
1 05041990
1 macedo45
1 88663072
1 Apoptose
1 991579500
1 25424262
1 Igreja15
1 bruninho
1 LiviaMaria
1 21091957
1 06570657
1 319770356
1 24021962
1 19741963
1 horta466
1 17089725
1 seulouco
1 12345678
1 09250527
1 12345678
1 aeromovel
1 112527SO
1 982477628
1 12345678
1 java2005
1 15751800
1 bianopqd
1 anajulia
1 21078221
1 pldavila10
1 10151822
1 19571963
1 CONTRACHEQ
1 delima123
1 79360011
1 14030590
1 FICAGRANDE
1 marenata
1 96537560
1 3342032200
1 1q2w3e''
1 datrindade
1 26042312
1 capivara1
1 samukaa231
1 355668033
1 fabricio
1 15041992
1 dacosta316
1 650035md
1 04008740
1 51572674
1 55263897
1 11223344
1 12345678
1 12345678
1 1571552141
1 kkinhaum
1 91943019
1 88185919
1 595957Ma
1 85218659
1 napoleao
1 29051970
1 162411475
1 25091921
1 22091976
1 pizolito
1 rena1140
1 2627290691
1 342056539
1 84240610
1 odonto81
1 91193338
1 13579Rds
1 23601958
1 85093751
1 25setembro
1 01032006
1 34853031
1 ecurb150
1 987654321
1 jsmjsmjsm
1 13111993
1 983051927
1 92167540
1 11122005
1 helicobact
1 12345678
1 12345678
1 4949tmtm
1 nicole2011
1 24121988
1 2009cjff
1 290403ri
1 14071980
1 19371939
1 1111111111
1 36252807
1 21068455
1 26547044
1 samsung87
1 980799403
1 982706513
1 amanda11
1 saldanha03
1 10338439
1 92554347
1 06061944
1 vascular
1 980856203
1 99286468
1 99657006
1 95fe7063
1 12345678
1 998331961
1 creative
1 galodoido
1 351758028
1 carrinho
1 07050301
1 71997303
1 75150565
1 205075ro
1 355209812
1 80120600
1 13131981
1 veni1000
1 mil151093
1 a509876i
1 Israel123
1 bode1234
1 99560439
1 57651365
1 caatingape
1 mouse332
1 mcr060126
1 19256342
1 07182022
1 30091956
1 23111993
1 28022110
1 neto1403
1 15121992
1 mateus2010
1 dgla1203
1 marcos603
1 pensador
1 34596808
1 28091989
1 96683148
1 felipe01
1 22103021
1 80693147
1 96981612
1 cardio1634
1 mahalostal
1 27911414
1 983071602
1 vasco2727
1 jaleslins
1 94597485
1 354368775
1 99839489
1 LORENSSO
1 95006488
1 961439074
1 12345678
1 MARIA123
1 09121992
1 355774492
1 renanpedro
1 15403690
1 flamengo10
1 rosber94
1 961508613
1 960366484
1 92539929
1 05041990
1 pinheiro
1 empada1987
1 960300442
1 3118
1 26111987
1 flamengo
1 26789564
1 961398866
1 30061993
1 12345678
1 dani2009
1 23040863
1 kauelucas
1 06011956
1 brendell
1 bi190489
1 10292012
1 344827093
1 0609200711
1 su130969
1 91591384
1 anapaula
1 infcaveng
1 16890469
1 65436660
1 14126161
1 lucia120
1 15118911
1 recrusul02
1 lucas734
1 12345678
1 92348325
1 a47520s8
1 JUNE2015
1 aman010197
1 dois30700
1 bolinha16
1 GEORGE123
1 a21120512
1 matbel1234
1 sondreans
1 91841987
1 21051982
1 960147256
1 33151404
1 21012100
1 95126820
1 19912704
1 jessyca14
1 12345678
1 92660784
1 curitiba12
1 23121952
1 h07311807
1 09104424
1 31415926
1 1351020582
1 19031964
1 123456qwe
1 gladiador2
1 01357910
1 principal
1 bandeirant
1 806006007
1 centauro
1 2015INTER
1 2016Igor
1 terraverde
1 19091995
1 91350926
1 33167542
1 12345678
1 15051988
1 2229118890
1 geangomes
1 08654525
1 20842828
1 057187634
1 05050471
1 34219905
1 rafael1103
1 carreteiro
1 Proventos
1 81513872
1 37762656
1 geraldo73
1 12345678
1 90807060
1 ORIGINAL
1 963258147
1 JOSE2015
1 27091997
1 bandagt7
1 22031428
1 jss25305
1 29071973
1 relu2014
1 senha123
1 10507721
1 37323732
1 12345678
1 30070800
1 m152224m
1 365262534
1 22162713
1 17040531
1 tecialua
1 960156471
1 95183772
1 2650965207
1 a37758372
1 30061995
1 31352923
1 23230222
1 94311625
1 davidson
1 06142026
1 12345678
1 inspetor
1 24066400
1 79829156
1 demitilia
1 briglia11
1 pe712965
1 frontela
1 ipmg0911
1 sebal123
1 enzo0806
1 cr02av14
1 31294521
1 983132891
1 10727603
1 12345678
1 thamires13
1 MANAUS2015
1 68245110
1 11253912
1 85527989
1 27021993
1 02052000
1 62296900
1 hcn12345
1 sgtmarcos
1 31011991
1 11510780
1 304050gac
1 353597846
1 9400801050
1 24064147
1 94107660
1 mb712000
1 19721977
1 ninamuffin
1 39175075
1 01109801
1 13446545
1 24531576
1 slipknot
1 matheus200
1 14011112
1 38334411
1 subarenan
1 ms93fc13
1 13021946
1 36701800
1 00250885
1 shirley359
1 03081987
1 cassioejoa
1 13061927
1 medianeira
1 maria2013
1 brasiljr21
1 Rafael8138
1 91183629
1 26112004
1 32dentes
1 19031991
1 96646784
1 alegrete
1 exercito
1 hilton651
1 85477182
1 55415906
1 89489115
1 34243062
1 35156614
1 03121986
1 99758328
1 pitanga123
1 jomarcio65
1 88622740
1 91180002
1 35263526
1 davi0110
1 51515151
1 91175194
1 gustavo050
1 27031722
1 87815904
1 fazmerir
1 07071985
1 01011993
1 eu02eu07
1 12101988
1 95316644
1 29112013
1 3675994801
1 27092009
1 FABIO59032
1 960521393
1 72730000
1 16121963
1 pqd85208
1 20098421
1 126228725
1 14158692
1 guto1286
1 13051985
1 rodrigo116
1 30195900
1 93972142
1 960411033
1 c2f4a0s7
1 silveira
1 03030304
1 83899201
1 223608ge
1 12345678
1 11074822
1 fefe2731
1 26726777
1 16121999
1 94874123
1 04354351
1 joaquim9
1 ReieRainha
1 13051977
1 983007556
1 12345678
1 alinelima
1 429623746
1 13028918
1 sag172113
1 960511311
1 25101992
1 assolan197
1 TILALARA
1 22041987
1 23014716
1 colorado81
1 melosilva
1 monteiro
1 15079264
1 18212429
1 vinicius
1 eduardo02
1 96410239
1 bbb73777
1 12345678
1 73211993
1 brasil21
1 ntfb2331
1 04091990
1 ange1947
1 96364204
1 82843782
1 27091993
1 25071985
1 galodoido
1 99306293g
1 sempreitap
1 85584413
1 10032009
1 07071963
1 10932262
1 02052012
1 3653487222
1 siriguela
1 08021994
1 354860649
1 2016261310
1 brenoxp1
1 91110533
1 17022702
1 anagui32
1 324811963
1 14052011
1 23964077
1 88035189
1 ola20088
1 LUANA123
1 farias88
1 batuque103
1 casadamae
1 damaceno
1 88226401
1 77659098
1 12488421
1 23362336
1 12051800
1 21045050
1 piresbravo
1 34061023
1 good1985
1 voleibol
1 GI040258
1 78952589
1 p8q7t8i0
1 jflc0108
1 21041991
1 07071992
1 12062005
1 magalhaes
1 kisen100
1 31355053
1 11087878
1 15058890
1 PAULORODRI
1 99614301
1 tenente31
1 18031989
1 carol2014
1 05121962
1 escola048
1 05sete72
1 30110173
1 12600000
1 uansenet
1 06121995
1 graciele
1 mestre06
1 21031994
1 71066038
1 31849950
1 19951606
1 15301620
1 fernandoo
1 eu341dry
1 15092929
1 31081995
1 91083356
1 204921lu
1 martinsdos
1 cristiano
1 25067927
1 jym12345
1 4matheus3
1 vitorialae
1 96585574
1 18541607
1 120408ad
1 01818400
1 oerlikon
1 alfa123456
1 78974818
1 00306180
1 56284611
1 34066427
1 84796252
1 02101982
1 40664066
1 08021981
1 02111936
1 91484151
1 35512424
1 jonatascun
1 16113756
1 1111111111
1 31051991rc
1 27111936
1 13245789
1 1094559208
1 21969706
1 bertioga
1 Balisong
1 eu102910
1 jesussalva
1 804210505
1 senhanova
1 MARIA123
1 15110404
1 12344321
1 creusa3271
1 28291990
1 p3898222
1 68179412
1 92693604
1 12345678
1 30113011
1 35762907
1 trident1
1 85767112
1 paulo123
1 sindicato
1 99318118
1 91033254
1 haiti10a
1 92032701
1 12345678
1 tais2929
1 moabom007
1 10091997
1 99893271
1 12345678
1 0200553224
1 12345678
1 12345678
1 22642271
1 356379564
1 23001058
1 MADEIRA15
1 71829701
1 lg012000
1 123456789
1 961621424
1 ana159357
1 gustavo20
1 12345678
1 amoalacost
1 annaclara
1 dany0520
1 93783766
1 transforma
1 12115514
1 12345678
1 90212000
1 12345678
1 10203040
1 23091973
1 21071968
1 32111069
1 tarum@50
1 995299da
1 annaclara
1 30111990
1 21041995
1 gladiador
1 costaneto1
1 DANIELLA
1 ajs451964
1 coagmed52
1 MEUSONHO
1 00787878
1 daniel321
1 91152497
1 12345678
1 Brasil1978
1 12345678
1 19851986
1 10101010
1 bcp00177
1 788931991
1 frederico
1 joaovitor
1 353243110
1 64645024
1 123456789
1 bazam2013
1 12130318
1 12345678
1 32582232
1 99647191
1 sdfideris
1 sagatiba7
1 31031987
1 marques90
1 BLENDA12
1 19902181
1 gersonken1
1 982604205
1 izonette
1 07032014
1 24111992
1 01101994
1 santana837
1 12688294
1 21071987
1 technos02
1 12345678
1 12345678
1 33738462
1 353643152
1 sonia1959
1 caatinga
1 amorim1994
1 65987285
1 81019314
1 19742000
1 07021983
1 37454620
1 36427777
1 87654321
1 968601002
1 14531492
1 ucib1802
1 12134171
1 38711788
1 arthurcode
1 82539040
1 21775140
1 renatavito
1 78945612
1 dede341971
1 danone1988
1 27061991
1 ulisses84
1 11022014
1 94699550
1 20111983
1 0404035651
1 60401991
1 Aruana10
1 0240950739
1 65240200
1 enzogabrie
1 16111992
1 21071980
1 maria123
1 MARTA10104
1 222222FV
1 261032021
1 94032372
1 edmoluiz
1 c347345f
1 99169698
1 daramala
1 Lahh2211
1 beto8277
1 cruzeiro
1 13081986
1 daniel851
1 jhoiloco
1 84047381
1 15439rcm
1 25949170
1 26943384
1 11235813
1 11787535
1 garoupa100
1 13101996
1 11121988
1 12345678
1 10111995
1 Albina2014
1 39804315
1 17092011
1 74842011
1 shelda10
1 26071967
1 giovanna
1 CAXAMBU201
1 28422842
1 06011972
1 92334192
1 12345678
1 13162227
1 MLdS1993
1 81445645
1 31965971
1 99877036
1 91528636
1 19711998
1 12345678
1 rafaelbpe
1 355714613
1 11048077
1 99310829
1 3412069548
1 gomes123
1 friend2015
1 infantaria
1 leinad1988
1 12345678
1 thunder53
1 02780278
1 92135377
1 13031985
1 12345678
1 carolina
1 jaguaru07
1 24044060
1 154241547
1 22556699
1 99123890
1 982823219
1 19852669
1 934874az
1 13578555
1 26087926
1 92733320
1 982610152
1 980737817
1 3005199354
1 agoravai
1 27031996
1 bam08188
1 josina2305
1 nathalia22
1 80228080
1 hiphop13
1 96861557
1 aa230287
1 983061595
1 09031991
1 bruno1987
1 jujuba0611
1 kuramamada
1 romulo18
1 a3z4m567
1 84242494
1 CLEBINHO
1 jairo16049
1 00140471
1 ale0910198
1 91418420
1 rafael01
1 12344321
1 355026851
1 85904810
1 reiwicca
1 39906015
1 unseoutros
1 cielo4766
1 34513451
1 0705483860
1 dez09ten
1 230695gta
1 983033651
1 12345678
1 27517398
1 20031987
1 24121970
1 26011973
1 tricolor
1 badi1819
1 alemao01
1 gab9lud3
1 960567107
1 31043131
1 97150483
1 99140239
1 tdckw379
1 debi1973
1 99111014
1 jrfc1970
1 shalomshal
1 123456789
1 flamengo
1 gtre8552
1 dinamica1
1 090229927
1 gremio2015
1 kaaraanand
1 28360115
1 960245944
1 barreto01
1 66191998
1 12345678
1 Solteiro31
1 92114001
1 10203040
1 91392105
1 24211203
1 19730202
1 86140785
1 25290209
1 83103929
1 keyboardcp
1 1517665680
1 190270sp
1 123456789
1 961347244
1 CHRIS09109
1 88888888
1 26470567
1 160412al
1 evalinda
1 33132224
1 71arma50
1 jon246246
1 centraldet
1 lb191973
1 colgateplu
1 nando007
1 19791977
1 12345678
1 lima1456
1 367829174
1 10533206
1 30111995
1 122408169
1 130612al
1 jose2014
1 30874427pa
1 niguemsabe
1 ric200190
1 125296298
1 exercito
1 lima0965
1 30250908
1 56151332
1 31563156
1 gam324165
1 sueli3570
1 WILDER123
1 hugo1803
1 12345678
1 86248806
1 adfe2595
1 2233445566
1 suamae1252
1 shalom54
1 mocidade10
1 12345678
1 REAL2015
1 0111406720
1 ana080362
1 91191562
1 12345678
1 casa9168
1 92733883
1 20150311
1 75230004
1 24101992
1 11397415
1 0066543138
1 14849835
1 1111111111
1 350232587
1 29218080
1 epc13070
1 97145338
1 86394573
1 961623412
1 sgtalbino
1 99432523
1 27121980
1 35787459
1 74704564
1 24129090
1 27398064
1 33829646
1 66775960
1 99693099
1 resident
1 68carnaval
1 13208900
1 78945612
1 84571878
1 99475592
1 91444282
1 98709699
1 28051994
1 04256090
1 kfi75200
1 CIDA2015
1 4203834015
1 Amigo1903
1 32332639
1 mila1978
1 c14a48000
1 355639281
1 123456789
1 81304638
1 97380790
1 09121971
1 15255200
1 vasco820
1 12345678
1 123456789
1 dv104622
1 12121994
1 patolage
1 36312436
1 956811rr
1 81151445
1 971252re
1 brocador
1 18121041
1 oicirbaf
1 25101982
1 bolinha1
1 96182525
1 17042002
1 mauricio
1 16121989
1 spinr1990
1 92432021
1 43544354
1 100selv@
1 07101995
1 25011987
1 99264938
1 03479249
1 13031992
1 06121966
1 85012379
1 aluno006
1 joaquim874
1 355945712
1 edison123
1 91060201
1 marina@1
1 04062009
1 12345678
1 pagamento
1 finado89
1 deustch47
1 15611546
1 jamp3575
1 annaluiza
1 260790je
1 27061967
1 dou1822164
1 84458500
1 987654321
1 960472134
1 ronaldo983
1 10105382
1 12345678
1 84895650
1 71404435
1 20140556
1 dani1911
1 86332629
1 pauloblade
1 30011992
1 92534275
1 19032010
1 venero1988
1 ramatis201
1 fael1266
1 1056jbtf
1 13579111
1 02120212
1 84096202
1 25061994
1 87654321
1 27031995
1 89109090
1 familiaamo
1 68737789
1 12008806
1 maracuja
1 x59c1tr7
1 09031266
1 12345678
1 fevereiro
1 12345678
1 thisula2
1 kiltkilt
1 71321412
1 87795347
1 0402676767
1 26022010
1 velame123
1 23101424
1 87654321
1 18740227
1 354675831
1 31351931
1 26022010
1 27862723
1 8298004787
1 tny11264
1 junior2505
1 87873278
1 belmatte
1 982465656
1 02021991
1 10030303
1 fardamento
1 hbruno02
1 32432450
1 91189641
1 32325788
1 982678456
1 33637785
1 20050350
1 01120302
1 49736137
1 20482048
1 36053612
1 1234567890
1 22081984
1 0309923449
1 gatusomike
1 249202fe
1 91213821
1 jhuliabi
1 22101986
1 992706529
1 17068220
1 sdbruno93
1 81243012
1 81011721
1 vgmdst94
1 01079577
1 arruda123
1 alfernande
1 12345678
1 12345678
1 casa2012
1 30252125
1 shibilion
1 pfa290493
1 01011966
1 123456987
1 88010468
1 3081060170
1 comandos
1 twister250
1 25031964
1 616delta
1 19091969
1 0336302118
1 960246124
1 3Segundo
1 75195336
1 10461308
1 34992503
1 28061995
1 84429606
1 12031983
1 04101991
1 74101185
1 nokia1110
1 25081994
1 18092003
1 trustno1
1 cururu22
1 vermelho
1 sales0936
1 25122008
1 amor1971
1 juninho_22
1 hiraki123
1 coxa1856
1 1!2@3#4$
1 12345678
1 0230897401
1 arthursilv
1 48571524
1 1111111111
1 06051968
1 edu7poss
1 13051991
1 12345678
1 facanacave
1 86668580
1 13401340
1 17283917
1 wilson91
1 xara0714
1 domdivino
1 v1t0r1@2
1 lidiane123
1 08101992
1 356054415
1 jjanaina
1 96373311
1 91926674
1 81170571
1 se4750se
1 14558111
1 bella1701
1 05041996
1 ml252368
1 10151015
1 liberdade
1 12345678
1 carlasouto
1 kalebito
1 12345678
1 anabel01
1 karinykk
1 maria123
1 91790402
1 34485080
1 cachaca1
1 brayan08
1 ferreira
1 355547849
1 10011987
1 28101951
1 xqif4789
1 20029110
1 32650000
1 23nov2001
1 joseildo
1 355035050
1 pantera69
1 jully2010
1 15963210
1 92761881
1 infantaria
1 28265039
1 12345678b
1 13050091
1 vilarins
1 AndradeV15
1 04031988
1 cb130586cb
1 94494227
1 25081973
1 10091995
1 arthur1994
1 18242501
1 22081405
1 03061983
1 12345678
1 dinheiro
1 VASCODAGAM
1 joaogabrie
1 89567412
1 1198787473
1 09101994
1 3ng62899
1 91311175
1 20792611
1 22270110
1 35230538
1 0162875223
1 26751824
1 88331636
1 mateus82
1 sgtgiles
1 14122600
1 356379929
1 felipe10
1 88849046
1 97171884
1 antonia1
1 25111994
1 pqd72854
1 justen03
1 76950158
1 25643173
1 94078461
1 0306019175
1 68910891
1 30051956
1 scemper40
1 99467338
1 ixusenag
1 dosantos77
1 05101973
1 91164162
1 54140200
1 p1p2p3p4
1 13291329
1 21092006
1 10890134
1 gu220486
1 1322212473
1 martins201
1 aspschuck
1 09021992
1 BELLEZA201
1 bafadafaca
1 simone246
1 91270936
1 joseluis
1 06771386
1 09052013
1 aa131927
1 1004315100
1 21071986
1 valeria01
1 rafapoly
1 98567432
1 99114552
1 q9h7h7p8
1 99917003
1 25081971
1 luciana89
1 vrdv1603
1 33616461
1 24077828
1 29101995
1 91277563
1 33251430
1 franzone
1 18042099
1 olhosverde
1 mag282009
1 04041991
1 12041980
1 42687953
1 355843651
1 91276065
1 55223000
1 mandaso16
1 75143961
1 23423423
1 06121966
1 37732006
1 12345678
1 25102226
1 19920905
1 95627431
1 07080910
1 12345678
1 vitaocruz
1 toby2007
1 10221120
1 69889242
1 02200220
1 e4242942
1 marica01
1 nico1911
1 247494k42
1 roxette24
1 983030194
1 19570507
1 39283928
1 19181720
1 12345678
1 12345678
1 123456789M
1 emprestimo
1 Crm050874
1 340896860
1 patyss16
1 sorvete10
1 12378910
1 21061926
1 morcegov
1 92317415
1 mary2015
1 anafi100
1 27026666
1 96135198
1 26081979
1 961078005
1 18292908
1 acmendes12
1 Rita12345
1 12345678
1 101004169
1 355777883
1 aeromovel
1 19952007
1 santocrist
1 vila1234
1 34503172
1 20071996
1 tricolor
1 24081984
1 15027007
1 MORAES123
1 982754398
1 legendario
1 esquerdo
1 03121988
1 01041991
1 81277385
1 356027999
1 12452756
1 84342203
1 98328010
1 982334688
1 12345678
1 18735021
1 07021992
1 jeluma10
1 09jan1990
1 ailla2015
1 12345678
1 cori1989
1 0435361043
1 paperkut
1 cbpinheiro
1 12345678
1 estrela33
1 94065361
1 12345678
1 159951anos
1 jean1093
1 97300000
1 21218689
1 356070049
1 guilherme
1 12799315
1 12345678
1 wcsilva17
1 hermena412
1 23101993
1 19310784
1 60519944
1 14091995
1 570803mf
1 84446037
1 lilica05
1 maniblue
1 66527661
1 19121990
1 27042011
1 12345678
1 igorig2012
1 compaq300
1 26041995
1 91274508
1 25382615
1 29051928
1 vanderleia
1 34594694
1 jose2301
1 PEDRO040
1 12031989
1 37201010
1 16051938
1 58542666
1 13041990
1 32502810
1 06071969
1 danilomoura
1 deivinho
1 09052006
1 12101995
1 00123456
1 34668189
1 skyscraper
1 21011983
1 lcrtpiza
1 27886653
1 legislaine
1 2787130691
1 981200963
1 08111937
1 infantaria
1 955801036
1 99251674
1 11021995
1 11ciacomme
1 dno457292
1 33081448
1 33193319
1 sam3890604
1 varela1234
1 maylou0702
1 alanramon
1 84092847
1 thayna24
1 19951020
1 kollekolle
1 123456789
1 anabeatriz
1 99915934
1 24071995a
1 vinicar111
1 ct101617
1 A1A2A3A4A5
1 thankslord
1 24574488
1 19891425ct
1 248322069
1 muel1010
1 15745289
1 87654321
1 55433810
1 belusca10
1 66094155
1 21011964
1 35521109
1 90313333
1 masterkevi
1 00onepiece
1 123456789
1 54236467
1 thiago79
1 123456129
1 koso2079
1 14061406
1 As123456
1 75270891
1 16061994
1 02113741
1 92670126
1 123456789
1 barros2014
1 34429541
1 emersonl
1 operacao01
1 9840271407
1 10061991
1 negro123
1 tiq662cm
1 soldado561
1 123456789
1 24072012
1 28121987
1 neg211984
1 diegoalves
1 113561202
1 91152070
1 28091997
1 12248963
1 12345678
1 16441644
1 07041962
1 12345679
1 22121991
1 caneta12
1 92487500
1 23051991
1 84827932
1 LIMA2015
1 92989587
1 12345678
1 90521047
1 fe432409
1 1253648970
1 12345678
1 gaivota12
1 nayduarte
1 2602150610
1 am194128
1 david123
1 nutertols
1 8ijuggkl
1 19095869
1 96241866
1 jadison25
1 bgc203302
1 88517577
1 ri290792
1 1231553677
1 pqdt6810
1 31803180
1 97355088
1 23456789
1 289567143
1 23091968
1 danielly
1 14725836
1 27041934
1 20041986
1 12345678
1 463463463
1 20056661
1 10023080
1 52479233
1 91462935
1 cazuza89
1 64394589
1 v0139j05
1 292057477
1 lucasalvar
1 eduardopin
1 30042011
1 23412341
1 rulazaro
1 cbjunior04
1 12345678
1 30102005
1 04082026
1 katarine
1 91993958
1 136024624
1 rocknroll1
1 98583001
1 12345678
1 dada1986
1 1234abcd
1 05075431
1 33223017
1 fontanaero
1 Allice04
1 86349098
1 segundona
1 salmo119
1 01020304
1 fogo1013
1 92265538
1 85717980
1 nara1423
1 20031310
1 960583229
1 85557201
1 19195839
1 13245678
1 31526088
1 mecc2010
1 valhalla
1 961113687
1 dsl230487
1 slga2759
1 dani1005
1 elizandra1
1 mr031590
1 vasira71
1 2006851229
1 01061987
1 richardhal
1 04061980
1 03051991
1 32206217
1 88205171
1 123456789
1 66966696
1 tricolor
1 32084183
1 edevaldom
1 06121966
1 123456789
1 08091987
1 31102009
1 11019394
1 cbvargas
1 civuca!!
1 00225588
1 rafael2011
1 15061994
1 16041985
1 19851121
1 positivo10
1 12345678
1 31012009
1 jhone1992
1 123456789
1 pantanal01
1 jptm2009
1 swdhjc9f
1 55208284
1 3435363738
1 marangone
1 digo1020
1 LISA2304
1 allan711
1 50980109
1 12345678
1 kellyeac
1 didi130551
1 23859747
1 982347755
1 19932820
1 21021985
1 19581970
1 123456789
1 americano
1 05021996
1 gabriel08
1 tardelli
1 14111986
1 17051931
1 32569832
1 26121990
1 13096a48
1 gpogoias
1 04204370
1 13079088
1 552287dn
1 10031987
1 velocidade
1 1593571593
1 darlei07
1 29492949
1 12312312
1 230910nn
1 frederico
1 97174757
1 saojose90
1 mirsilou
1 odonto85
1 thecloser0
1 07251401
1 11051989
1 10918800
1 12345678
1 18071993
1 991326131
1 92714218
1 12345678
1 12345678
1 matbel2000
1 duransarau
1 21619500
1 palio16v
1 123456s0
1 09107575
1 09111985
1 patriciaam
1 gromero201
1 pb210391
1 renancarlo
1 he5frpmj
1 05077014
1 200002222
1 99670073
1 13051936
1 ccav2011
1 15121954
1 requiao123
1 18062805
1 355292495
1 91622330
1 orangecity
1 sergio12
1 99524310
1 40971383
1 cpe2510194
1 pris0318
1 544585212
1 real6650
1 12784564
1 10081992
1 12131426
1 93779627
1 moitinho
1 94111524
1 port25033
1 campos08
1 38473374
1 richardino
1 16041994
1 nicolase
1 05041989
1 73829812
1 15111971
1 78117798
1 pantanal
1 28461973
1 8624281401
1 koller10
1 27091997
1 20141708
1 93933967
1 qwertyui
1 subliminar
1 adoniasr
1 15112323
1 stryks123
1 91617067
1 franklin
1 wellington
1 sddelfino
1 29051988
1 DIAMANTE
1 12345678
1 15031957
1 acostament
1 JESUSSILVA
1 12345678
1 355311154
1 91143576
1 23242923
1 12457273
1 31101970
1 36925814
1 silviane1
1 23112005
1 gabriel18
1 86469709
1 37783070
1 96947700
1 08101962
1 anagiorno
1 94408121
1 123456789
1 68732709
1 Jq1w2e3r4@
1 36441253
1 cainasenna
1 83454990
1 felicidade
1 21111972
1 CoNsTaNcA
1 1277144274
1 88621790
1 75993439
1 272899anda
1 09080706
1 69697685
1 12345678
1 maninho123
1 980791061
1 roseli21
1 04125711
1 02188888
1 982969962
1 08750999
1 teleealema
1 19020701
1 apintojr
1 augusto1
1 12345678
1 09060906
1 99113725
1 28101982
1 12345678
1 34179170
1 92354373
1 84458465
1 15121983
1 38791482
1 01091973
1 355547781
1 30163748
1 Progresso2
1 r13253749
1 11141726
1 qn063016
1 12354lucas
1 12042004
1 25051987
1 soares05
1 30081950
1 85056262
1 960403238
1 oliveira
1 12345678
1 basguetbal
1 15975355
1 25721434
1 marto7179
1 maximiano
1 exercito12
1 2406199515
1 960206987
1 julio1992
1 raimundo
1 28112011
1 15161718
1 10101010
1 04032012
1 79111315
1 353385515
1 11062380
1 erika123
1 54256600
1 86302221
1 soufeliz
1 12345678
1 03121991
1 81120000
1 33432222
1 marcinha
1 macedo1965
1 12345678
1 al2325b3
1 05012008
1 87049501
1 12441244
1 33867358
1 12345678
1 8801245153
1 130336cr
1 fernandes
1 13071998
1 17780202
1 19041987
1 01111990
1 08031972
1 65282043
1 36628772
1 85792514
1 03111986
1 williamsou
1 assump2011
1 odnanref
1 guardiano
1 15032010
1 36271809
1 canhotos
1 17154345
1 123456789
1 93656916
1 12345678
1 brasil14
1 88024203
1 21012006
1 32321932
1 EUAMOADEUS
1 alice2012
1 beto1935
1 caroleanna
1 12345678
1 amazonia20
1 19891990
1 gremio1981
1 100402cb
1 18020157
1 plplolol
1 12345678
1 andreluis
1 12061995
1 goiania20
1 20063420
1 58jave60
1 08121945
1 monalisa
1 91264220
1 famirareka
1 81941323
1 031080LU
1 03092441
1 98652412
1 87654321
1 29011952
1 flamengo
1 06121966
1 18061971
1 04097002
1 bava770823
1 sampacreww
1 ppcomandos
1 16051989
1 09220922
1 atenas23
1 12345678
1 cavalaria
1 pedro2013
1 37554802
1 single12
1 1279187174
1 91652156
1 16Bimtzz
1 88857244
1 21011962
1 Diego1997
1 asn944eo
1 17061991
1 224572032
1 95658116
1 acanto66
1 00521921
1 74241972
1 rondon24
1 comandos
1 12345678
1 99730011
1 exercito
1 960616193
1 TIERTIER
1 05172718
1 nilson1018
1 maga1470
1 982807139
1 06121966
1 vasco100
1 gibin15987
1 exatas01
1 16061987
1 08071987
1 fred2004
1 0539561630
1 12345678
1 a2h6m4e6
1 sammuel777
1 574316892
1 andreeclau
1 14131107
1 24682468
1 ygor1995
1 30133636
1 96396660
1 84032200
1 30331258
1 12345678
1 26090909
1 avatarbb
1 353570926
1 caio2015
1 08036762
1 99953894
1 verasmow1
1 liska1483
1 12345678
1 maria2015
1 66332255
1 91830068
1 12345678
1 29942994
1 87654321
1 lumbala87
1 78945612
1 145847793
1 12345678
1 fidelis7
1 12345678
1 92065025
1 loiralinda
1 13653940
1 lindarosa1
1 84268426
1 10924395
1 mopa5004
1 10231145
1 30057969
1 12081988
1 2426ri2934
1 27121986
1 edmilson
1 24081986
1 zeno2011
1 66234776
1 44665123
1 santosrob
1 25100700
1 10021991
1 premio21
1 12345678
1 77741231
1 94988132
1 37155681
1 88767478
1 1T3n3nt3
1 21436587
1 simba2015
1 11051994
1 18273645
1 Brum1967
1 82103348
1 TOPO1996
1 94063421
1 talesdeus
1 13141992
1 36791471
1 Bastos1983
1 1362687570
1 608437089
1 73470000
1 floresvian
1 ngqq0551
1 oliveira
1 010895hp
1 96054029
1 12345678
1 goldship
1 33174565
1 03062010
1 60874618
1 10070508
1 19810910
1 05011978
1 91415190
1 freitas38
1 12345679
1 ronallay
1 20892863
1 19291929
1 02051970
1 saraivadec
1 luis3939
1 7009595625
1 lobinho201
1 cabreira
1 12122012
1 m231204t
1 355400858
1 02061990
1 carol2014
1 98743998
1 fabola100
1 noberto682
1 amandanett
1 41994199
1 94102243
1 982655785
1 jadimilson
1 79360011
1 77300873
1 99581300
1 64341323
1 tormin10
1 magamaga24
1 12345678
1 40253026
1 88241014
1 81308083
1 mavilafe
1 danielmf
1 993587830
1 igordaniel
1 18071986
1 montel1994
1 1549466070
1 22062011
1 luizinho1
1 juliano.
1 ricardo354
1 edisivaldo
1 12112006
1 81318131
1 12345679
1 60644700
1 98110723
1 05092010
1 93869145
1 retro123
1 11223344
1 16031603
1 curioso10
1 91101217
1 12345678
1 210484de
1 nan240691
1 13861500
1 21081984
1 18071992
1 22101985
1 03031948
1 79360011
1 20120220
1 getulio27
1 15768686
1 pqd84320
1 8891lelo
1 15665189
1 05061987
1 961417781
1 21546333
1 26106856
1 leandro09
1 27202012
1 11143640
1 pasteldequ
1 aeromovel
1 sapiranga9
1 2810198807
1 10061992
1 96521344
1 79360011
1 11041990a3
1 cauamari20
1 nakapa123
1 arthur0710
1 mary1970
1 17761776
1 16078112
1 10437411
1 05051968
1 aoc12345
1 74665688
1 32519693
1 26011203
1 54900585
1 sdinfantar
1 69511400
1 32462106
1 gabriel06
1 14045566
1 advanceb13
1 hyago007
1 29239386
1 8520484603
1 zuluzulu24
1 15092008
1 dani0900
1 maiconanto
1 delegado
1 cmlc1962
1 ni9mgcnm
1 41987357
1 91468333
1 22080588
1 12345678
1 88464678
1 49844253
1 19041991
1 27112009
1 442junior
1 heitor13
1 77577575
1 pantanal19
1 10696573
1 05120512
1 0390681113
1 zocazoca
1 milena16
1 77918690
1 ag1936cd
1 euisa0820
1 40296674
1 26846730
1 cocacola23
1 961540921
1 93048022
1 ramalho31
1 OTTO2015
1 26301567
1 968809077
1 27091970
1 ricardoliv
1 aoc12345
1 36911146
1 40048844
1 carol2014
1 23069494
1 92114972
1 99180071
1 26966644
1 oposto12
1 31101949
1 elcirene
1 Artilharia
1 99618650
1 cbpereira
1 34041066
1 aoc12345
1 01010101
1 cayopari
1 12345678
1 0281504326
1 346250047
1 91976893
1 78787898
1 Benoni1234
1 henriique
1 gasolina
1 aoc12345
1 silvaneto
1 12345678
1 04112924
1 13095976
1 123456789
1 vinicius
1 982653277
1 MELISSA12
1 12310123
1 91441651
1 nando18099
1 92186991
1 trembala
1 1590abde
1 4629402420
1 43946789
1 15048787
1 13051944
1 12345678
1 58645864
1 12345678
1 81337684
1 cbcarlsen
1 exercito
1 kabuloso
1 81220674
1 26623771
1 12345678
1 mariana201
1 01031987
1 91954552
1 33463350
1 mivla100
1 02468100
1 123456789
1 17091982
1 98384501
1 06011953
1 91027968
1 moac4894
1 senha9390
1 11595100
1 19951268
1 980267104
1 11881968
1 20021959
1 1608920003
1 rcp791619
1 Jr778203
1 12345678
1 02101990
1 12345678
1 4189372587
1 1210alaya
1 cizo2484
1 83572236
1 pta12332
1 recruta20
1 352530335
1 @mariana
1 960374207
1 16260209
1 12314715
1 31072005
1 960036145
1 12345678
1 mozinhodf
1 24654960
1 15263838
1 15710205
1 vila2015
1 352970721
1 amor2667
1 91365637
1 Fer95341
1 38679635
1 91509970
1 roniel21
1 13557813
1 pantanal
1 94956265
1 CARLOS1942
1 fluzao02
1 353445152
1 19491995
1 marcia1979
1 77914052
1 cruzeiro99
1 brunoxavie
1 caroline
1 24079713
1 05141625
1 JOSE2015
1 95636225
1 fernandes
1 deborabibi
1 220371du
1 38421848
1 25061991
1 luiz2011
1 12345678
1 03071913
1 jolito12
1 91182041
1 hangar18
1 anapaula16
1 96789779
1 93746030
1 960582312
1 11111111
1 960398214
1 24281620
1 25496527
1 91243746
1 12345678
1 980248609
1 recifepe07
1 01091991
1 46225257
1 980423459
1 vidabreve
1 84183508
1 155326953
1 46225257
1 guilherme
1 sadygodoi
1 18051988
1 123ESTRADA
1 12345678
1 12345678
1 73192386
1 roca2030
1 JESSERJR
1 26101995
1 15060402
1 hotblood
1 961312990
1 cristovive
1 davidhume6
1 fernando94
1 12345678
1 142711208
1 982164028
1 0322850100
1 980877233
1 98016362
1 brasil10
1 05051286
1 ronaldo10
1 355175062
1 12345678
1 123456789
1 12345678
1 80601942
1 19091972
1 81154898
1 macena15
1 cfeijo2001
1 355566856
1 87654321
1 vwrl2008
1 fer150390
1 1977250477
1 15051992
1 18708990
1 99021361
1 jhonatan
1 BATISTAC07
1 12345678
1 08121990
1 14890612
1 14069300
1 60758251
1 060908tk
1 93803910
1 mau123456
1 99251072
1 81160652
1 flor1306
1 961337476
1 91577173
1 12099712
1 72747644
1 354672762
1 diego123
1 1828282828
1 91818403
1 07457378
1 jjro1976
1 17394685
1 96925170
1 87613909
1 66110000
1 pqd62231
1 04276026
1 13011985
1 124754818
1 741000000
1 33541219
1 11092007
1 bela4321
1 bigode20
1 capitueb12
1 30111982
1 26870802
1 14031989
1 06031965
1 76690351
1 25061992
1 cantinho
1 16081985
1 fabricio
1 12345678
1 ma230121
1 15263232
1 99510349
1 88851232
1 30102010
1 al540801
1 39020545
1 jirayasama
1 17091995
1 123456789
1 33413130
1 34484499
1 34654230
1 0279460015
1 06032012
1 tianonega
1 12345678
1 729538401
1 colorado
1 23092000
1 24091985
1 deusedeus
1 982213437
1 356144570
1 99043137
1 05041990
1 voidmain
1 santiago
1 12345678
1 09112014
1 silvio1638
1 jowelucy
1 03051995
1 08123853
1 aure1621
1 02112007
1 35453545
1 99444160
1 54848116
1 BOTELHO1
1 4894
1 12061971
1 91645814
1 981225218
1 12345678
1 12345678
1 68536234
1 4488955945
1 exercito50
1 ASDF3562
1 65768666
1 12345678
1 85577592
1 16212425
1 84213090
1 Brasil1208
1 31358898
1 libao157
1 64459817
1 12345678
1 21031991
1 rita2015
1 01124495
1 carneiro
1 l92157355
1 liberdade
1 22151931
1 36363636
1 07081991
1 rodolfo14
1 nelsonluiz
1 lama7bru
1 23011972
1 46394424
1 91584811
1 88225860
1 gatinha123
1 02992332
1 12060320
1 27091972
1 03192310
1 297veiga
1 2tentoti
1 30129474
1 h1sp2t3l
1 13050513
1 06032002
1 303757540
1 fazer600
1 diegosanto
1 982781011
1 1391306473
1 98042123
1 33330085
1 13681042
1 87654321
1 10203040
1 galo1000
1 92321732
1 1ame2fjj
1 zorbitan01
1 3419junior
1 27048916
1 tata2015
1 63748748
1 estanislav
1 93108678
1 87654321
1 jadijadi
1 14725836
1 961459874
1 gravatai
1 altaneira
1 30703070
1 ninja1971
1 neteller1
1 finan30ape
1 viki2007
1 841127eb
1 max23092
1 88216650
1 hardcore21
1 clga2012
1 25172323
1 12345678
1 88455648
1 Sophie2015
1 28050500
1 guardiao
1 68021924
1 flock2015
1 12345678
1 27920542
1 88888888
1 88093188
1 93381023
1 04102003
1 exercito12
1 01059310
1 10203040
1 31711398
1 87654321
1 06060101
1 19841986
1 1007105475
1 12345678
1 14042200
1 vasco1998
1 93157508
1 19651965
1 04011997
1 91428651
1 07122007
1 0338096232
1 Moroni02
1 78951230
1 386031rj
1 oioioi1994
1 06121966
1 warfare8
1 02108427
1 1988dald
1 12131719
1 22369812
1 93638215
1 paulo123
1 20042300
1 24121015
1 audviv35
1 82382994
1 cruzes55
1 26072005
1 23071986
1 cbvivaldo
1 22905790
1 24030622
1 Virginia25
1 lourenco10
1 93442159
1 18081994
1 34075574
1 28111996
1 0102461236
1 19027860
1 sorvete1
1 fabi1245
1 34133092
1 13121312
1 jaelson123
1 guerreiro
1 09118723
1 02webweb
1 11097522
1 03021991
1 91496632
1 marlon8160
1 geomarcos
1 baixa2020
1 cuturno43
1 22088434
1 15102510
1 3412021293
1 74009030
1 34691765
1 99303111
1 Rumbek2010
1 greta2004
1 31270808
1 rafaerafa
1 14011980
1 rpereira
1 hellbender
1 17050102
1 930080005
1 30189902
1 980865717
1 12345678
1 otavio11
1 1195casa
1 9515250000
1 28080725
1 12345678
1 123456789
1 03292513
1 la208093
1 cabo281m
1 joao1212
1 22091989
1 bruninho20
1 05067505
1 26111263
1 06091985
1 BERTOLI201
1 rbhering21
1 22090939
1 82869508
1 19641985
1 silcos1964
1 andreia20
1 12345678
1 06051985
1 03241505
1 10122729
1 19021991
1 1601051987
1 25031609
1 25061993
1 thmpv77d6f
1 9512368740
1 27121987
1 04035416
1 21222324
1 92821170
1 honorato
1 27011995
1 10661066
1 renanluiza
1 41705849
1 11235813
1 gostoso1
1 27031991is
1 sulufe12
1 tr@b@lho
1 cavalaria
1 83459600
1 21264idf
1 38451000
1 divadm32
1 14021982
1 91577105
1 42342222
1 w10b6s71
1 soares347
1 99028762
1 92785541
1 asanoturna
1 20122012
1 91737889
1 21051980
1 981168509
1 09182736
1 santinaejo
1 10203040
1 eljo1102ac
1 13042000
1 mykid1212
1 85856120
1 012321690
1 19660825
1 3509604904
1 65517983
1 12345678
1 14979714
1 27031915
1 medicina
1 cristosalv
1 maxvitor
1 a1012648
1 galdino511
1 91261588
1 24051986
1 06270312
1 32631273
1 nicole19
1 02111989
1 925577859
1 33952208
1 Nathalia
1 andinho1
1 12345678
1 1v4n2o96
1 04776699
1 16122007
1 11126614
1 87648239
1 18101972
1 84021196
1 91136697
1 25067575
1 961561125
1 18021988
1 8zc39hxp
1 01112001
1 18021989
1 wicca2015
1 20101018
1 vascodagam
1 356029797
1 04071988
1 13061978
1 982193100
1 94981846
1 robinho10
1 99363657
1 coragem110
1 24148530
1 961456524
1 93418156
1 alegrete
1 13124321
1 MOREIRA1
1 12081991
1 burropreto
1 96694990
1 casamento1
1 93196669
1 Cpex2015
1 henry007
1 12345678
1 faculdade1
1 27082012
1 123456789
1 baah101111
1 igorigor
1 420420420
1 bl300791
1 27770101
1 horizon000
1 talita123
1 82771871
1 04261512
1 1tencarter
1 pcamanda
1 18918918
1 0217714948
1 22280903
1 engcivil23
1 81308197
1 cabofabian
1 SONIA2016
1 donizete
1 1276368666
1 12345678
1 salin2448
1 88372733
1 vale2396
1 19841984
1 purdence
1 28080406
1 brasil2015
1 11758400
1 psp30000
1 jrc.3132
1 lima1234
1 26656037
1 jeronimo
1 92094914
1 15021985
1 99758972
1 52230601
1 72324189
1 julia2111
1 16041976
1 28112003
1 983110541
1 92777723
1 285582re
1 5s51r34f
1 mirassol1
1 exercito
1 157157157
1 tatilove
1 19112011
1 26152036
1 danielbr
1 gabriela
1 19101974
1 210295jr
1 91929394
1 24513697
1 mariaeduar
1 felipe03
1 kj35v9m4
1 12345678
1 thuglife
1 30011972
1 74116963
1 ulpl1210
1 5596843558
1 paulosergi
1 23101943
1 03041963
1 88625488
1 12freddy
1 14092013
1 81162124
1 joaozinho3
1 vinicius
1 87320078
1 miguelao
1 bin6234588
1 zampiron
1 12345678
1 01230123
1 76534328
1 19802004
1 leonardo12
1 guilherme
1 euro2013
1 ni130063
1 24361212
1 55752426
1 41482458
1 jesus2015
1 guerreiroc
1 20355060
1 29017575
1 03081998
1 49668949
1 05190519
1 INFANTARIA
1 12345678
1 jbernardo
1 12345678
1 sdlima2015
1 juliana25
1 boboca10
1 30051188
1 12345678
1 88888888
1 Yuri0705
1 PRIVATE8
1 ml132013
1 Alenda11
1 celta2012
1 19285678
1 19912007
1 88071388
1 60743701
1 292728526
1 961480425
1 93141216
1 19801984
1 69749192
1 9191919191
1 anajulia
1 4214846345
1 961610468
1 kennedy3g
1 17021987
1 deelb647
1 921914ez
1 RVDR3112
1 32742754
1 91353061
1 982836450
1 29060488
1 usina60a
1 32453994
1 tiomaneco8
1 30823255
1 19801980
1 Pedrinho12
1 maia1002
1 99107320
1 35040404
1 982926962
1 356026967
1 saragabi
1 10121971
1 12345678
1 anthonyz
1 12345678
1 MAGNON96
1 15222944
1 Abelhinha
1 ouro1875
1 32243314
1 maloca68
1 67689095
1 12345678
1 jara0912
1 52729836
1 19421942
1 okyx1791
1 elizandra1
1 91211790
1 09017979
1 151578va
1 cau020777
1 12345678
1 1802199310
1 10203040
1 05082570
1 1599513577
1 96270645
1 91100841
1 19664545
1 SENADORA
1 98852525
1 macarimi
1 82511677
1 ptca39ac
1 21051957
1 0401935754
1 moura123
1 13092007
1 96413549
1 84107841
1 23101987
1 rosangela
1 MARIANEUZA
1 26641777
1 25081962
1 09151165
1 92964251
1 aguiarvasc
1 04078530
1 corsa1591
1 17041950
1 08225200
1 8139117731
1 0195144233
1 cavalo33
1 12345678
1 02111274
1 corinthian
1 17021990
1 46182374
1 12042244
1 10111648
1 1509102024
1 19750603
1 78802306
1 123456789
1 13071953
1 78008803
1 pedromen
1 guedes12
1 rafael777
1 08047806
1 34918011
1 356416325
1 06221379
1 960393918
1 81157523
1 teodoro12
1 levaleva
1 20081985
1 Alexfao01
1 motohonda2
1 10041980
1 geovanevr
1 55776089
1 12345678
1 23972089
1 71255961
1 92081660
1 pepe200492
1 88999040
1 06031985
1 7895124369
1 1538579104
1 youliander
1 1103260202
1 30663045
1 34157221
1 11090000
1 78356120
1 lenhador
1 95686235
1 91731363
1 01162021
1 19708900
1 -pl,0okm
1 99598131
1 diegoalves
1 oliveira
1 12345678
1 38493478
1 02061993
1 HELENA1978
1 81521352
1 12345678
1 02087373
1 71877187
1 samuel14
1 exercito22
1 355444922
1 82345239
1 12345678
1 jonatas31
1 claudio36
1 hanniel1
1 23031329
1 12129512
1 06087522
1 nm29101984
1 11091999
1 27200909
1 09021988
1 81389327
1 estiva22
1 modamoda
1 36736932
1 angelical
1 14119999
1 pamplona19
1 15071990
1 felipelima
1 mjs12103
1 92208234
1 982582153
1 982589737
1 13318524
1 alves1995
1 jr3525fa
1 morena0200
1 pedro123
1 francisco2
1 10610610
1 30111964
1 nagela2015
1 19505845
1 17451755
1 4mpul3t4
1 clarinha
1 vitor1991
1 350912071
1 sa250752
1 soares07
1 23522352
1 354885331
1 0829872142
1 94323488
1 flamengo
1 25031988
1 123456789
1 12345678
1 mbnapion
1 verde2506
1 primeiro
1 rrodrigo
1 28099100
1 marcos10
1 1botafogo
1 arruda2015
1 KATIA081
1 0217137348
1 36188590
1 12051205
1 14981991
1 d7srport
1 tormenta66
1 14041980
1 92614734
1 20041103
1 03028364
1 0219290417
1 01121999
1 nazareth22
1 oliveira
1 kemex2475
1 36543163
1 123456789
1 dudu1008
1 19372584
1 0180425170
1 je88561584
1 123456789
1 36712304
1 neto4272
1 88541209
1 17041994
1 1234567d
1 81323150
1 anschutz
1 12345678
1 fisica18
1 08071994
1 broklin28
1 44584458
1 23068020
1 2980310508
1 81206915
1 12345678
1 09652358
1 352301646
1 91246613
1 97907908
1 4127689.
1 124751277
1 00943361
1 flavinha
1 shotokan
1 ladaru2015
1 23042011
1 14392525
1 castor789
1 1258963210
1 55domingos
1 121105er
1 sd0295ts
1 dbissotto1
1 anderson73
1 22270911
1 12345678
1 mamaruana
1 1708kiko
1 thialin3
1 primandu
1 misael123
1 rangel095
1 12040581
1 123456789
1 10071986
1 62346053
1 207alves
1 12345678
1 02081975
1 castro123
1 01041988
1 88460603
1 25268900a
1 wsantos7
1 18011952
1 10257310
1 17031992
1 jaison363
1 03850806
1 52734152
1 12345678
1 flamengo
1 45239420
1 12345678
1 pelopes22
1 70100501
1 79879314
1 123456789
1 123456789
1 3026
1 10343410
1 13064613
1 982400091
1 37523984
1 18061988
1 12dolares
1 84382266
1 159753456
1 1234567e
1 356037196
1 17041123
1 timao2009
1 29032005
1 09121973
1 01071985
1 20081593
1 beretta9mm
1 12345678
1 30121988
1 romulito
1 15215713
1 961277284
1 dany1988
1 91932731
1 thats034
1 amores01
1 lucasalves
1 psmh2907
1 27576400
1 And1Sam3
1 uskanalhas
1 22667458
1 980910638
1 88807635
1 123234345
1 bsb201476
1 24073054
1 bruno20152
1 tiagoleite
1 05123105
1 84240842
1 81343429
1 giugiu07
1 32891675
1 fatima9122
1 85972254
1 1qaw3edr5
1 filipizin
1 13041994
1 05383389
1 16201820
1 06051924
1 dino211286
1 140206rt
1 26888580
1 06552410
1 32643522
1 82821414
1 16062014
1 ruby2960
1 10151225
1 1123581321
1 Lilio12345
1 959880ba
1 32064380
1 123456789
1 lumarc0$
1 maradonapm
1 maryamell
1 felipesilv
1 60050605
1 51512424
1 elisandro
1 lopes123
1 jcchasez
1 pqd57754
1 32343638
1 boletim1
1 9253
1 11111111
1 djalma2013
1 2tennick
1 8819121818
1 meus3filho
1 31993199
1 31575879
1 86754321
1 anobom1985
1 lucas656
1 oq62hy83
1 09022007
1 12567834
1 99247291
1 11812240
1 11261112
1 12345678
1 azevedo123
1 99668681
1 6378719977
1 11031900
1 77412588
1 99234924
1 12345678
1 julio2014
1 meireles15
1 13789500
1 1964almeid
1 15564321
1 maloni99
1 b67g63aa
1 euamops3
1 982125292
1 alemar1979
1 15250310
1 96341202
1 96157545
1 ta220280
1 93441021
1 85442682
1 salmos133
1 3711mezza
1 03051981
1 93480505
1 sentinela
1 neto.123
1 19881807
1 19361955
1 marialuiza
1 82974123
1 04201629
1 reajuste
1 19487129
1 cavalariam
1 exercito12
1 02460123
1 mariaclara
1 15191519
1 356106330
1 37131541
1 mengo001
1 18137536
1 maurinho
1 paznomundo
1 91956942
1 59603500
1 05071972
1 brennonina
1 25041978
1 96418700
1 13082149
1 72985871
1 14091984
1 7445477i
1 flars2050
1 18102012
1 26031977
1 mayara22
1 hardsex69
1 d.n.l.a.s
1 aspireone
1 dasilva042
1 75987114
1 19671989
1 84380332
1 05031991
1 355326012
1 junior1234
1 JOAO1807
1 plnio123
1 14108700
1 71318952
1 37566263
1 97867231
1 28072012
1 02071993
1 a92647786a
1 cbleonardo
1 mo871010
1 cbtorres
1 69961300
1 06041991
1 91715059
1 2012necap
1 23011991
1 11424600
1 12345678
1 55648900
1 patricia
1 36327882
1 matbel123
1 Paysandu1
1 94975120
1 maninho17
1 29873196
1 92117138
1 25112112
1 12365478
1 09237485
1 14080711
1 136065411
1 bruno1995
1 36985318
1 91190507
1 engenharia
1 joao2603
1 982383610
1 donmel62
1 abc2472071
1 naosei123
1 32995992
1 69900000
1 aspirado
1 10212426
1 12341965
1 26032008
1 341011196
1 75163808
1 96104041
1 01573434
1 12345678
1 supernova2
1 5423577889
1 03120127
1 81874456
1 jojodelle
1 31743174
1 24051991
1 91526278
1 c11816284
1 CORSA1997
1 pe007627
1 08082008
1 ARAUJOSILV
1 92948097
1 deusefiel
1 aguiarjr
1 11040505
1 30121998
1 12345678
1 10121012
1 86349084
1 93447293
1 92315644
1 WCWVSNWO
1 SANTOS123
1 91198404
1 Lurem234
1 paralelo85
1 32462636
1 12345678
1 04111986
1 353597176
1 45639812
1 12051990
1 gustavo01
1 cavalariam
1 querovolta
1 12345678
1 12295162
1 22080622
1 91165451
1 castro01
1 17081994
1 006soueu
1 82294882
1 flamengo10
1 92122056
1 36623247
1 necatates
1 30122000
1 FLAMENGO
1 353172350
1 30082400
1 25281023
1 25042007
1 74821511
1 romaezap
1 jl366909
1 354714382
1 daniele13
1 12345678
1 02982705
1 04101982
1 04975925
1 67054000
1 515t3ma1
1 96319661
1 rodolpho3o
1 84191492
1 99428281
1 jk771239
1 960248575
1 rodrigo140
1 84742278
1 269498eb
1 de935695
1 multilaser
1 10101000
1 70563406
1 eyrijane
1 24071981
1 78526779
1 leo1973197
1 25433790
1 e1d3u5a7r9
1 tormenta20
1 gregui27
1 30101504
1 12345678
1 789536leo
1 123456789
1 1111111111
1 12345678
1 78158358
1 05111980
1 17751793
1 24041990
1 92118426
1 91574306
1 75480108
1 20101992
1 99734560
1 cauateamo
1 411236523
1 354247714
1 92324873
1 88666245
1 22087621
1 81265209
1 rodrigovas
1 rebeldes20
1 93384078
1 bira140337
1 12021991
1 lald290112
1 99614079
1 31580548
1 01031993
1 jaimes12
1 24242015
1 61178367
1 19391990
1 99181295
1 03051988
1 abc54321
1 radicais
1 09252212
1 12345678
1 macksonfer
1 danielle
1 101474295
1 99022526
1 brasil123
1 13246578
1 03101987
1 glaudstone
1 9573795737
1 jc251297
1 cebolinha
1 88462406
1 mike2506
1 12345678
1 14091992
1 6892054311
1 12345678
1 84531993
1 123456789
1 ge212218
1 34583141
1 caveirinha
1 ELIZA1234
1 12345678
1 88202328
1 32264524
1 09091946
1 94805028
1 ts091988
1 17041993
1 03032000
1 01850185
1 l1a2r18s
1 126127161
1 pescaria
1 92426391
1 0262804263
1 25071987
1 306152581
1 123456789
1 APACHE89
1 12021994
1 aptaeass
1 27612761
1 35911070
1 celio123
1 354529525
1 12455200
1 Danilo25
1 20141982
1 09031986
1 jose1992
1 12345678
1 24675322
1 padrepaulo
1 AC246800
1 18101993
1 961540889
1 salmar011
1 34636186
1 andre26011
1 91242220
1 24736080
1 123456789
1 12345678
1 21091981
1 12345678
1 morango_b
1 93432530
1 ursopardo
1 paulo2008
1 12345678
1 25061988
1 01101957
1 2504906530
1 26067602
1 cleiton95
1 98136890
1 vanessal
1 13031960
1 142119hc
1 05012007
1 11620486
1 jesus123
1 19791115
1 36115704
1 982709509
1 87775923
1 07080900
1 32577715
1 chaparral
1 354530630
1 384001000
1 nbt11297
1 16082000
1 99788862
1 14011982
1 12345678
1 cad714tara
1 21012010
1 28021981
1 77525502
1 12345678
1 jorge789
1 12341361
1 nosleg739
1 353775830
1 01111985
1 barboza67
1 12345678
1 8y8vyzay
1 07029900
1 28101996
1 cavalaria
1 98030000
1 aa230885
1 hdd130124
1 12345678
1 fac45230
1 98423810
1 82611987
1 26272627
1 corisco500
1 ja625577
1 26049001
1 Ayres1932
1 3netinhos
1 colorado
1 14041986
1 cmrj2031
1 1923489136
1 12345678
1 05121994
1 45902350
1 reigomes
1 37518841
1 gesimiel
1 vitor251
1 reclamao
1 leandro758
1 duta1919
1 33563106
1 neuza123
1 17101991
1 13072009
1 09039222
1 960148965
1 14308310
1 12345678
1 haiti2012
1 27871405
1 shirleylt
1 13131682
1 07890789
1 31101224
1 gabriel5an
1 ursopanda
1 91808809
1 88330729
1 05091968
1 87292085
1 355374954
1 exercito
1 daniele123
1 961709260
1 calmeida
1 selva123
1 09122010
1 0210721161
1 reinaldo
1 14172230
1 a3eilm2s2Y
1 12345678
1 19992006
1 duromole
1 morango45
1 queiroz06
1 0120390620
1 otleus51
1 98257221
1 968047375
1 31017500
1 342033892
1 cjs914775
1 98280369
1 76710269
1 92944438
1 99356435
1 08041994
1 125053889
1 21281000
1 12051988
1 05091992
1 82151205
1 ajulio2302
1 11382792
1 nascimento
1 01121973
1 3512030303
1 12345678
1 marinho123
1 92939486
1 alanjesus
1 88251191
1 aaaaaaaaaa
1 25653635
1 pantanal
1 82468246
1 18081012
1 81504827
1 cris1978
1 gisoares
1 1a2b3c4d
1 trabalho
1 91253880
1 21092011
1 12345678
1 nikeforeve
1 troller200
1 talitatlua
1 bg096473
1 15101951
1 12345678
1 14285700
1 21071002
1 00722068
1 14051893
1 36614528
1 99645685
1 limacameta
1 20092010
1 30121988
1 FLAMENGO
1 sanderalve
1 05071988
1 cruzalta19
1 12345678
1 15963215
1 santos469
1 98736838
1 pantarei
1 12345678
1 3s0e0r1g
1 1865140788
1 erika003
1 77278641
1 354061610
1 malacoxa14
1 wel07xyz
1 10101973
1 esmerio0
1 17179696
1 07091988
1 34667494
1 arthurfeh
1 23252830
1 kamoremio
1 05061993
1 lhcp8rpf
1 37592508
1 mh092084
1 josefa1970
1 92695195
1 30051984
1 pigpigpig3
1 04011994
1 marcielma
1 07416907
1 diego2014
1 08001406
1 15975312
1 99890055
1 30106030
1 comando201
1 paralamas
1 14382614
1 87509277
1 1corvette4
1 2514725147
1 20111986
1 joaomarli
1 dama2108
1 02223940
1 messias133
1 92292004
1 doninha1
1 fernando
1 vitorino
1 JESSICA28
1 12345678
1 12121979
1 will0903
1 26022602
1 02012010
1 31086900
1 20152512
1 91139498
1 maranata
1 pimpimpim
1 32573257
1 81644990
1 14902770
1 19952014
1 comandos23
1 bcs241218
1 tt040897
1 86329275
1 11061991
1 12489912
1 pokemon135
1 faci1234
1 11022106
1 11210314
1 53598792
1 anaclara
1 30836005
1 463701389
1 fonseca8
1 souza1601
1 elizandra1
1 i1e2c3f4
1 25127977
1 87070844
1 32517150
1 adonilson0
1 91913575
1 14061826
1 17960542
1 inha1976
1 34592701
1 LU801028
1 10303978
1 gustavo01
1 12345678
1 31081980
1 savioeb2
1 9636carol
1 lilian82
1 M4RC3LL0
1 armeiro1
1 25031993L
1 36432314
1 92252296
1 20081983
1 jornadao
1 1a2b3c4d
1 12345678
1 13121983
1 19871988
1 esquilo1
1 caxiri97
1 19341223
1 elielton
1 galera12
1 52689331
1 33131125
1 brasil01
1 03021992
1 dragonforc
1 98966126
1 00002517
1 91534996
1 26026902
1 05173131
1 93459418
1 4107082838
1 ve121315
1 81010325
1 julianosi
1 fagundes
1 VMT12345
1 04532198
1 cautelar
1 74069505
1 papagaio
1 32157600
1 asc1990.
1 961549237
1 999974864
1 91820000
1 cp764464
1 346144125
1 93515710
1 05/01/06
1 AEROMOVEL
1 dito2424
1 85424905
1 19711995
1 14031988
1 10081982
1 12154712
1 sargento

